0 0.16093750000000007 0.503125 0.03125000000000007 0.503125 0.03125000000000008 0.7765625 0.1609375000000001 0.7765625
0 0.2453125000000001 0.521875 0.11875000000000005 0.521875 0.11875000000000006 0.809375 0.2453125000000001 0.809375
0 0.16562500000000005 0.36875 0.004687500000000046 0.36875 0.0046875000000000545 0.5265625 0.16562500000000005 0.5265625
0 0.2656250000000001 0.3640625 0.12968750000000004 0.3640625 0.12968750000000004 0.5140625 0.2656250000000001 0.5140625
0 0.37187500000000007 0.23281250000000003 0.21875 0.2328125 0.21875000000000006 1 0.37187500000000007 1
0 0.5203125000000001 0.16718750000000004 0.3484375 0.16718750000000004 0.34843750000000007 0.734375 0.5203125000000002 0.734375
0 0.625 0.11562500000000006 0.4265625 0.11562500000000005 0.4265625 0.6625 0.625 0.6625
0 0.19843750000000004 0.24375 0.09687500000000002 0.24375 0.09687500000000003 0.3828125 0.19843750000000004 0.3828125
0 0.3296875 0.18750000000000006 0.19062500000000004 0.18750000000000006 0.19062500000000004 0.4 0.3296875000000001 0.4
0 0.803125 0.08906250000000007 0.553125 0.08906250000000007 0.553125 0.503125 0.803125 0.5031250000000002
0 0.8671875 0.050000000000000086 0.60625 0.050000000000000065 0.60625 0.4703125000000001 0.8671875 0.4703125000000002
0 1 0.0109375000000001 0.6453125 0.010937500000000077 0.6453125 0.3843750000000001 1 0.3843750000000001