1 0.74375 0.21875000000000008 0.6359375 0.21875000000000008 0.6359375 0.4625000000000001 0.74375 0.4625000000000002
1 0.8578125 0.2390625000000001 0.7296875 0.2390625000000001 0.7296875 0.49218750000000017 0.8578125 0.49218750000000017
1 0.9703125 0.21093750000000008 0.840625 0.21093750000000008 0.840625 0.5250000000000001 0.9703125 0.5250000000000001
1 1 0.2578125000000001 0.9671875 0.2578125000000001 0.9671875 0.4781250000000002 1 0.4781250000000002
1 0.4296875 0.24062500000000003 0.35 0.240625 0.35000000000000003 0.5296875 0.4296875 0.5296875
1 0.19843750000000007 0.221875 0.06562500000000002 0.221875 0.06562500000000004 0.5515625 0.1984375000000001 0.5515625
1 0.33281250000000007 0.2703125 0.2125 0.2703125 0.21250000000000005 0.5140625 0.33281250000000007 0.5140625
1 0.615625 0.2578125000000001 0.5046875 0.2578125000000001 0.5046875 0.559375 0.615625 0.559375
1 0.054687500000000056 0.3046875 3.731345716152092e-17 0.3046875 5.1856137901395736e-17 0.5421875 0.05468750000000007 0.5421875
1 0.19531250000000006 0.3640625 0.14218750000000005 0.3640625 0.14218750000000005 0.5015625 0.19531250000000006 0.5015625
1 0.521875 0.3140625000000001 0.371875 0.3140625000000001 0.37187500000000007 0.6453125 0.521875 0.6453125
1 1 0.3921875000000001 0.959375 0.3921875000000001 0.959375 0.6187500000000001 1 0.6187500000000001
1 0.978125 0.40156250000000016 0.859375 0.40156250000000016 0.859375 0.6156250000000002 0.978125 0.6156250000000002
1 0.3890625000000001 0.3921875 0.2906250000000001 0.3921875 0.2906250000000001 0.6734375 0.3890625000000001 0.6734375
1 0.6875000000000001 0.421875 0.5703125 0.421875 0.5703125000000001 0.7421875 0.6875000000000002 0.7421875
1 0.615625 0.5578125 0.53125 0.5578125 0.53125 0.703125 0.615625 0.703125
1 0.6828125 0.4453125 0.553125 0.4453125 0.5531250000000001 0.9953125 0.6828125000000002 0.9953125
1 0.896875 0.4546875000000002 0.7546875 0.4546875000000002 0.7546875000000001 1 0.896875 1
1 0.98125 0.47187500000000016 0.809375 0.47187500000000016 0.809375 1 0.98125 1
1 0.828125 0.4828125000000001 0.71875 0.4828125 0.7187500000000001 0.9953125 0.828125 0.9953125
1 0.45781250000000007 0.5265625 0.33281250000000007 0.5265625 0.33281250000000007 0.959375 0.4578125000000002 0.959375
1 0.3359375000000001 0.5015625 0.20312500000000008 0.5015625 0.20312500000000008 1 0.3359375000000001 1
1 0.7906250000000001 0.5296875000000001 0.65 0.5296875 0.6500000000000001 1 0.7906250000000001 1
1 0.6328125000000001 0.5359375 0.5203125 0.5359375 0.5203125000000001 0.996875 0.6328125000000002 0.996875
1 0.6062500000000001 0.5390625 0.409375 0.5390625 0.4093750000000001 0.996875 0.6062500000000002 0.996875
1 0.2171875000000001 0.5359375 0.06562500000000007 0.5359375 0.0656250000000001 1 0.2171875000000001 1
1 0.07343750000000009 0.5859375 7.175664838754022e-17 0.5859375 9.61539088393039e-17 0.984375 0.07343750000000011 0.984375