1 1 0.23593750000000008 0.9390625 0.23593750000000008 0.9390625 0.4937500000000002 1 0.4937500000000002
1 0.9703125 0.28593750000000007 0.8953125 0.28593750000000007 0.8953125 0.6093750000000002 0.9703125 0.6093750000000002
1 0.12500000000000008 0.228125 0.006250000000000028 0.228125 0.006250000000000072 0.9453125 0.12500000000000014 0.9453125
1 0.7609375 0.19687500000000008 0.621875 0.19687500000000008 0.6218750000000001 0.9953125 0.7609375000000002 0.9953125
1 0.6531250000000001 0.21875000000000008 0.4921875 0.21875000000000008 0.4921875000000001 1 0.6531250000000002 1
1 0.4875000000000001 0.22656250000000008 0.3703125 0.22656250000000008 0.37031250000000004 1 0.48750000000000016 1
1 0.9984375 0.24375000000000008 0.74375 0.24375000000000008 0.7437500000000001 0.9859375 0.9984375 0.9859375
1 0.35468750000000004 0.246875 0.17031250000000003 0.246875 0.1703125000000001 1 0.3546875000000001 1
1 0.621875 0.007812500000000071 0.5484375 0.007812500000000066 0.5484375 0.2296875000000001 0.621875 0.2296875000000001
1 0.12812500000000002 0.025000000000000012 0.0859375 0.025000000000000012 0.08593750000000001 0.2375 0.12812500000000004 0.2375
1 0.3453125 0.08281250000000004 0.315625 0.08281250000000004 0.315625 0.19062500000000004 0.3453125 0.19062500000000004
1 0.2015625 0.07343750000000002 0.171875 0.07343750000000002 0.17187500000000003 0.2015625 0.2015625 0.2015625
1 0.3140625 0.11875000000000005 0.2734375 0.11875000000000005 0.2734375 0.19531250000000006 0.3140625 0.19531250000000006
1 0.2375 0.10468750000000004 0.2 0.10468750000000004 0.2 0.2328125 0.2375 0.2328125
1 0.3921875 0.11562500000000005 0.3546875 0.11562500000000005 0.3546875 0.22343750000000004 0.3921875 0.2234375000000001
1 0.05781250000000001 0.090625 1.1098361617272889e-17 0.090625 2.0952941329161746e-17 0.2515625 0.057812500000000024 0.2515625
1 0.40625 0.11875000000000005 0.3875 0.11875000000000005 0.3875 0.22656250000000008 0.40625 0.22656250000000008
1 0.275 0.15937500000000004 0.23125 0.15937500000000004 0.23125 0.253125 0.275 0.253125
1 0.45 0.17187500000000006 0.4015625 0.17187500000000006 0.4015625 0.2796875000000001 0.45 0.2796875000000001
1 0.5890625 0.18750000000000008 0.5484375 0.18750000000000008 0.5484375 0.3140625000000001 0.5890625 0.3140625000000001
1 0.17031250000000003 0.115625 0.10625 0.115625 0.10625000000000002 0.390625 0.17031250000000003 0.390625
1 0.909375 0.21250000000000008 0.8734375 0.21250000000000008 0.8734375 0.3203125000000001 0.909375 0.3203125000000001
1 0.525 0.16562500000000005 0.4625 0.16562500000000005 0.4625 0.39531250000000007 0.525 0.39531250000000007
1 0.8609375 0.2296875000000001 0.8234375 0.2296875000000001 0.8234375 0.3312500000000001 0.8609375 0.3312500000000001
1 0.65625 0.1671875000000001 0.6125 0.1671875000000001 0.6125 0.4046875 0.65625 0.4046875
1 0.34218750000000003 0.19062500000000004 0.2765625 0.19062500000000004 0.27656250000000004 0.440625 0.3421875000000001 0.440625