1 0.6078125 0.001562500000000059 0.35625 0.0015625000000000437 0.35625 0.27187500000000003 0.6078125 0.2718750000000001
1 0.765625 0.09531250000000009 0.653125 0.09531250000000009 0.653125 0.2828125000000001 0.765625 0.2828125000000001
1 0.34375 0.06718750000000004 0.253125 0.06718750000000002 0.253125 0.3296875 0.34375 0.3296875
1 1 0.012500000000000108 0.784375 0.012500000000000094 0.784375 0.41718750000000016 1 0.41718750000000016
1 0.6140625 0.12031250000000007 0.465625 0.12031250000000004 0.465625 0.45 0.6140625 0.45
1 0.9984375 0.16406250000000014 0.9375 0.16406250000000014 0.9375 0.4546875000000002 0.9984375 0.4546875000000002
1 0.8015625 0.2312500000000001 0.703125 0.2312500000000001 0.703125 0.4609375000000001 0.8015625 0.46093750000000017
1 0.24218750000000006 0.2296875 0.14218750000000005 0.2296875 0.14218750000000005 0.4734375 0.24218750000000008 0.4734375
1 0.13281250000000006 0.284375 0.05312500000000005 0.284375 0.053125000000000054 0.634375 0.13281250000000008 0.634375
1 0.34843750000000007 0.334375 0.234375 0.334375 0.23437500000000006 0.6046875 0.34843750000000007 0.6046875
1 0.5796875 0.25312500000000004 0.3578125 0.253125 0.35781250000000003 0.70625 0.5796875 0.70625
1 0.7625 0.30937500000000007 0.56875 0.30937500000000007 0.56875 0.7015625000000001 0.7625 0.7015625000000002
1 0.9859375 0.3453125000000001 0.7515625 0.3453125000000001 0.7515625 0.6828125000000002 0.9859375 0.6828125000000002
1 0.54375 0.45 0.471875 0.45 0.471875 0.6140625 0.54375 0.6140625
1 0.06093750000000007 0.4234375 5.1856137901395736e-17 0.4234375 6.821665373375491e-17 0.690625 0.06093750000000009 0.690625
1 0.2296875000000001 0.5015625 0.12812500000000004 0.5015625 0.12812500000000007 0.778125 0.2296875000000001 0.778125
1 0.5125000000000001 0.571875 0.4328125 0.571875 0.4328125000000001 0.7296875 0.5125000000000002 0.7296875
1 0.7359375000000001 0.565625 0.65625 0.565625 0.6562500000000001 0.7984375000000001 0.7359375000000001 0.7984375000000001
1 1 0.6703125000000002 0.93125 0.6703125000000002 0.93125 0.809375 1 0.809375
1 0.8140625 0.659375 0.7234375 0.659375 0.7234375000000001 0.865625 0.8140625 0.865625
1 0.9359375 0.5812500000000002 0.7890625 0.5812500000000002 0.7890625000000001 0.98125 0.9359375 0.98125
1 0.3656250000000001 0.596875 0.16562500000000008 0.596875 0.1656250000000001 0.9828125 0.3656250000000001 0.9828125
1 0.16875000000000012 0.64375 0.001562500000000079 0.64375 0.0015625000000000992 0.971875 0.16875000000000012 0.971875
1 1 0.6843750000000002 0.8953125 0.6843750000000002 0.8953125 0.98125 1 0.98125
1 1 0.7812500000000002 0.9421875 0.7812500000000002 0.9421875 0.925 1 0.925
1 0.7250000000000002 0.734375 0.49218750000000017 0.734375 0.49218750000000017 0.9828125 0.7250000000000002 0.9828125
1 0.47187500000000016 0.7484375 0.3453125000000001 0.7484375 0.3453125000000001 0.98125 0.47187500000000016 0.98125
1 0.8703125 0.803125 0.6921875000000002 0.803125 0.6921875000000002 0.98125 0.8703125 0.98125
1 0.18437500000000012 0.8796875 0.0718750000000001 0.8796875 0.0718750000000001 0.9828125 0.18437500000000012 0.9828125
1 0.6984375 8.036744619404506e-17 0.6140625 7.520096751014216e-17 0.6140625 0.1937500000000001 0.6984375 0.1937500000000001
1 0.846875 0.0031250000000000978 0.753125 0.0031250000000000917 0.753125 0.2500000000000001 0.846875 0.2500000000000001