1 0.2875 0.11562500000000005 0.2125 0.11562500000000005 0.2125 0.2765625 0.2875 0.2765625
1 0.3890625 0.09843750000000004 0.28125 0.09843750000000004 0.28125 0.34687500000000004 0.3890625 0.3468750000000001
1 0.8578125 0.14843750000000008 0.74375 0.14843750000000008 0.74375 0.3890625000000001 0.8578125 0.3890625000000001
1 0.5671875 0.2312500000000001 0.534375 0.2312500000000001 0.534375 0.3421875000000001 0.5671875 0.3421875000000001
1 0.521875 0.2500000000000001 0.4890625 0.2500000000000001 0.4890625 0.3437500000000001 0.521875 0.3437500000000001
1 0.4453125 0.2468750000000001 0.3671875 0.2468750000000001 0.36718750000000006 0.3937500000000001 0.4453125 0.3937500000000001
1 0.27812500000000007 0.2640625 0.221875 0.2640625 0.22187500000000004 0.3828125 0.27812500000000007 0.3828125
1 0.6515625 0.2640625000000001 0.6 0.2640625000000001 0.6 0.3937500000000001 0.6515625 0.3937500000000001
1 0.6734375 0.27812500000000007 0.6453125 0.27812500000000007 0.6453125 0.3843750000000001 0.6734375 0.3843750000000001
1 0.89375 0.27812500000000007 0.8609375 0.27812500000000007 0.8609375 0.3843750000000001 0.89375 0.3843750000000001
1 0.859375 0.2796875000000001 0.8140625 0.2796875000000001 0.8140625 0.3828125000000001 0.859375 0.3828125000000001
1 0.5046875 0.2796875000000001 0.4453125 0.2796875000000001 0.4453125 0.40625 0.5046875 0.40625
1 0.6390625 0.3046875000000001 0.5828125 0.3046875000000001 0.5828125 0.4625 0.6390625 0.4625
1 0.38281250000000006 0.31718750000000007 0.3203125 0.3171875 0.32031250000000006 0.4734375 0.3828125000000001 0.4734375
1 0.7625 0.30156250000000007 0.6859375 0.30156250000000007 0.6859375 0.4921875000000001 0.7625 0.49218750000000017
1 0.32656250000000003 0.3265625 0.271875 0.3265625 0.27187500000000003 0.4859375 0.3265625000000001 0.4859375
1 0.45 0.36406250000000007 0.40625 0.36406250000000007 0.40625 0.5296875 0.45 0.5296875
1 0.66875 0.28593750000000007 0.5140625 0.28593750000000007 0.5140625 0.61875 0.66875 0.61875
1 0.5109375 0.40625 0.43125 0.40625 0.43125 0.5828125 0.5109375 0.5828125
1 1 0.2984375000000001 0.8984375 0.2984375000000001 0.8984375 0.7281250000000001 1 0.7281250000000001
1 0.934375 0.3671875000000001 0.71875 0.3671875000000001 0.7187500000000001 0.7984375000000001 0.934375 0.7984375000000001
1 0.34843750000000007 0.453125 0.2156250000000001 0.453125 0.2156250000000001 0.7859375 0.34843750000000007 0.7859375
1 0.7406250000000001 0.4453125000000001 0.575 0.4453125 0.5750000000000001 0.8046875 0.7406250000000002 0.8046875
1 0.6078125000000001 0.39062500000000006 0.35625000000000007 0.390625 0.35625000000000007 0.8859375 0.6078125000000002 0.8859375
1 0.37187500000000007 0.5375 0.06250000000000007 0.5375 0.0625000000000001 0.9984375 0.37187500000000007 0.9984375
1 0.17656250000000012 0.5484375 0.012500000000000067 0.5484375 0.012500000000000094 1 0.17656250000000012 1
1 0.915625 0.7093750000000001 0.534375 0.709375 0.534375 0.996875 0.915625 0.996875