1 0.10937500000000007 0.478125 0.0062500000000000585 0.478125 0.0062500000000000775 0.7890625 0.10937500000000008 0.7890625
1 0.2765625000000001 0.453125 0.18437500000000004 0.453125 0.18437500000000007 0.846875 0.2765625000000001 0.846875
1 0.3500000000000001 0.453125 0.2593750000000001 0.453125 0.2593750000000001 0.859375 0.3500000000000001 0.859375
1 0.43437500000000007 0.475 0.36406250000000007 0.475 0.36406250000000007 0.871875 0.4343750000000002 0.871875
1 0.503125 0.4390625 0.4015625 0.4390625 0.4015625000000001 0.9140625 0.5031250000000002 0.9140625
1 0.3703125000000001 0.440625 0.3218750000000001 0.440625 0.3218750000000001 0.575 0.3703125000000001 0.575
1 0.5781250000000001 0.5453125 0.50625 0.5453125 0.5062500000000001 0.890625 0.5781250000000002 0.890625
1 0.6796875000000001 0.55 0.5640625 0.55 0.5640625000000001 0.896875 0.6796875000000002 0.896875
1 0.8234375 0.3937500000000001 0.6828125 0.3937500000000001 0.6828125 0.940625 0.8234375 0.940625
1 0.9390625 0.4234375000000002 0.81875 0.4234375000000002 0.81875 0.990625 0.9390625 0.990625
1 0.9640625 0.3921875000000001 0.8921875 0.3921875000000001 0.8921875 0.6296875000000002 0.9640625 0.6296875000000002