1 0.31562500000000004 2.6693473200164965e-17 0.1203125 1.4734031802241592e-17 0.12031250000000002 0.378125 0.3156250000000001 0.378125
1 0.6109375 0.007812500000000066 0.45625 0.007812500000000056 0.45625 0.4078125 0.6109375 0.4078125
1 0.8 0.03906250000000009 0.6546875 0.039062500000000076 0.6546875 0.4765625000000001 0.8 0.47656250000000017
1 1 0.006250000000000112 0.8390625 0.006250000000000103 0.8390625 0.6625000000000002 1 0.6625000000000002
1 0.23750000000000004 0.2796875 0.16093750000000004 0.2796875 0.16093750000000004 0.3921875 0.2375000000000001 0.3921875
1 0.45625 0.24531250000000004 0.3296875 0.2453125 0.3296875 0.434375 0.45625 0.434375
1 0.33906250000000004 0.2875 0.26875 0.2875 0.26875000000000004 0.4078125 0.3390625000000001 0.4078125
1 0.20625000000000004 0.2 0.007812500000000024 0.2 0.007812500000000047 0.559375 0.2062500000000001 0.559375
1 0.5578125 0.3343750000000001 0.3890625 0.3343750000000001 0.38906250000000003 0.8265625 0.5578125000000002 0.8265625
1 0.9546875 0.4078125000000002 0.7734375 0.4078125000000002 0.7734375000000001 0.996875 0.9546875 0.996875
1 0.3500000000000001 0.409375 0.17656250000000004 0.409375 0.1765625000000001 1 0.3500000000000001 1
1 0.2078125000000001 0.425 0.004687500000000053 0.425 0.004687500000000087 1 0.2078125000000001 1
1 0.7171875 8.055879725641184e-17 0.5984375 7.328745688647442e-17 0.5984375 0.15000000000000008 0.7171875 0.15000000000000008
1 0.7578125000000001 0.6296875000000001 0.584375 0.6296875 0.5843750000000001 0.9625 0.7578125000000002 0.9625
1 0.7062500000000002 0.809375 0.4968750000000002 0.809375 0.4968750000000002 1 0.7062500000000002 1
1 0.8984375 0.8390625 0.6812500000000001 0.8390625 0.6812500000000001 1 0.8984375 1
1 1 0.8609375 0.8875 0.8609375 0.8875 1 1 1