1 0.15468750000000006 0.07187500000000001 8.802148868871602e-18 0.071875 6.563341439180347e-17 1 0.15468750000000014 1
1 0.6859375 0.471875 0.6375 0.471875 0.6375 0.6125 0.6859375 0.6125
1 0.3937500000000001 0.503125 0.3546875000000001 0.503125 0.3546875000000001 0.5890625 0.3937500000000001 0.5890625
1 0.9765625 0.5296875000000002 0.9578125 0.5296875000000002 0.9578125 0.5781250000000002 0.9765625 0.5781250000000002
1 0.3265625000000001 0.5109375 0.2796875000000001 0.5109375 0.2796875000000001 0.6734375 0.3265625000000001 0.6734375
1 0.25468750000000007 0.45625 0.19062500000000004 0.45625 0.19062500000000007 0.7375 0.25468750000000007 0.7375
1 0.9859375 0.4671875000000002 0.871875 0.4671875000000002 0.871875 0.7421875000000002 0.9859375 0.7421875000000002
1 0.4828125000000001 0.5046875 0.4015625 0.5046875 0.4015625000000001 0.8484375 0.4828125000000002 0.8484375
1 0.6250000000000001 0.4984375 0.575 0.4984375 0.5750000000000001 0.8828125 0.6250000000000002 0.8828125
1 0.2156250000000001 0.4296875 0.051562500000000046 0.4296875 0.05156250000000008 0.9890625 0.2156250000000001 0.9890625
1 0.7734375000000001 0.5015625000000001 0.6953125 0.5015625 0.6953125000000001 0.940625 0.7734375000000002 0.940625
1 0.7078125000000001 0.4859375 0.5734375 0.4859375 0.5734375 0.9890625 0.7078125000000002 0.9890625
1 0.58125 0.4875 0.4625 0.4875 0.4625000000000001 0.99375 0.5812500000000002 0.99375
1 0.4171875000000001 0.5109375 0.3265625000000001 0.5109375 0.3265625000000001 0.971875 0.41718750000000016 0.971875
1 0.978125 0.4937500000000002 0.7421875 0.4937500000000002 0.7421875000000001 0.9890625 0.978125 0.9890625
1 0.3203125000000001 0.5265625 0.21093750000000008 0.5265625 0.21093750000000008 0.9734375 0.3203125000000001 0.9734375