1 0.8 0.2515625000000001 0.7234375 0.2515625000000001 0.7234375 0.4046875000000001 0.8 0.4046875000000002
1 0.853125 0.3000000000000001 0.7890625 0.3000000000000001 0.7890625 0.3625000000000001 0.853125 0.3625000000000001
1 0.465625 0.2984375000000001 0.390625 0.2984375000000001 0.39062500000000006 0.453125 0.465625 0.453125
1 0.5765625 0.3453125000000001 0.5140625 0.3453125000000001 0.5140625 0.41875 0.5765625 0.41875
1 0.75 0.3234375000000001 0.6484375 0.3234375000000001 0.6484375 0.4437500000000001 0.75 0.4437500000000002
1 0.3359375000000001 0.3734375 0.2671875000000001 0.3734375 0.2671875000000001 0.484375 0.3359375000000001 0.484375
1 0.759375 0.4359375000000001 0.6765625 0.4359375 0.6765625 0.5218750000000001 0.759375 0.5218750000000002
1 0.628125 0.3890625000000001 0.5484375 0.3890625000000001 0.5484375 0.5953125 0.628125 0.5953125
1 0.5546875 0.28593750000000007 0.43125 0.28593750000000007 0.43125 0.721875 0.5546875 0.721875
1 0.16875000000000007 0.45 0.05625000000000004 0.45 0.056250000000000064 0.6375 0.1687500000000001 0.6375
1 0.22656250000000008 0.484375 0.15937500000000004 0.484375 0.15937500000000007 0.6140625 0.22656250000000008 0.6140625
1 0.9671875 0.32500000000000007 0.8125 0.32500000000000007 0.8125 0.8 0.9671875 0.8
1 0.34843750000000007 0.40625 0.2234375000000001 0.40625 0.2234375000000001 0.7484375 0.34843750000000007 0.7484375
1 0.4843750000000001 0.39531250000000007 0.3390625000000001 0.3953125 0.3390625000000001 0.828125 0.48437500000000017 0.828125
1 0.865625 0.4890625000000002 0.7328125 0.4890625000000002 0.7328125000000001 0.828125 0.865625 0.828125
1 0.2531250000000001 0.55 0.1218750000000001 0.55 0.1218750000000001 0.7703125 0.2531250000000001 0.7703125
1 0.7671875000000001 0.5375000000000001 0.646875 0.5375 0.6468750000000001 0.859375 0.7671875000000001 0.859375
1 0.5906250000000001 0.5796875 0.4625 0.5796875 0.4625000000000001 0.8578125 0.5906250000000002 0.8578125
1 0.1468750000000001 0.5984375 0.04062500000000008 0.5984375 0.04062500000000009 0.8578125 0.1468750000000001 0.8578125
1 0.25468750000000007 0.678125 0.11093750000000009 0.678125 0.11093750000000009 0.9 0.25468750000000007 0.9
1 0.5953125000000001 0.6953125 0.2593750000000001 0.6953125 0.2593750000000001 1 0.5953125000000001 1
1 0.4953125000000001 0.721875 0.2875000000000001 0.721875 0.2875000000000001 1 0.49531250000000016 1
1 0.29375000000000007 0.7890625 0.1703125000000001 0.7890625 0.17031250000000012 1 0.29375000000000007 1
1 0.22812500000000008 0.8125 0.07812500000000008 0.8125 0.07812500000000011 1 0.22812500000000008 1