1 0.28593750000000007 0.4390625 0.2062500000000001 0.4390625 0.2062500000000001 0.7359375 0.28593750000000007 0.7359375
1 0.6312500000000001 0.4828125 0.528125 0.4828125 0.5281250000000001 0.734375 0.6312500000000002 0.734375
1 0.5671875000000001 0.49375 0.4671875 0.49375 0.4671875000000001 0.7375 0.5671875000000002 0.7375
1 0.07812500000000008 0.5140625 6.295449951866863e-17 0.5140625 7.577502069724248e-17 0.7234375 0.07812500000000008 0.7234375
1 0.8484375 0.5921875000000002 0.8328125 0.5921875000000002 0.8328125 0.6671875000000002 0.8484375 0.6671875000000002
1 0.7546875000000001 0.5296875000000001 0.6953125 0.5296875 0.6953125000000001 0.7343750000000001 0.7546875000000002 0.7343750000000002
1 0.6671875 0.5359375 0.6 0.5359375 0.6000000000000001 0.7328125 0.6671875000000002 0.7328125
1 0.890625 0.5421875000000002 0.86875 0.5421875000000002 0.86875 0.7312500000000002 0.890625 0.7312500000000002
1 0.5046875000000001 0.5328125 0.48125 0.5328125 0.48125000000000007 0.740625 0.5046875000000002 0.740625
1 0.7187500000000001 0.540625 0.6515625 0.540625 0.6515625 0.7390625 0.7187500000000002 0.7390625
1 0.1390625000000001 0.5875 0.10468750000000009 0.5875 0.10468750000000009 0.7203125 0.1390625000000001 0.7203125
1 0.10937500000000008 0.584375 0.08750000000000006 0.584375 0.08750000000000008 0.728125 0.10937500000000008 0.728125
1 0.9484375 0.5734375000000002 0.896875 0.5734375000000002 0.896875 0.7406250000000002 0.9484375 0.7406250000000002
1 0.1765625000000001 0.5921875 0.1437500000000001 0.5921875 0.1437500000000001 0.7234375 0.1765625000000001 0.7234375
1 0.07031250000000008 0.5859375 0.048437500000000064 0.5859375 0.04843750000000008 0.734375 0.07031250000000008 0.734375
1 0.875 0.5828125000000002 0.84375 0.5828125000000002 0.84375 0.7484375000000002 0.875 0.7484375000000002
1 0.2953125000000001 0.5875 0.26250000000000007 0.5875 0.26250000000000007 0.7625 0.2953125000000001 0.7625
1 0.828125 0.6500000000000001 0.803125 0.6500000000000001 0.803125 0.7390625000000002 0.828125 0.7390625000000002