1 0.22656250000000006 0.10156250000000003 0.004687500000000013 0.1015625 0.004687500000000032 0.421875 0.22656250000000008 0.421875
1 0.34062500000000007 0.19843750000000002 0.10937500000000004 0.1984375 0.10937500000000004 0.446875 0.34062500000000007 0.446875
1 0.4953125 0.23750000000000004 0.2625 0.2375 0.26250000000000007 0.4453125 0.4953125 0.4453125
1 0.625 0.3437500000000001 0.5375 0.3437500000000001 0.5375 0.4546875 0.625 0.4546875
1 0.590625 0.33281250000000007 0.359375 0.3328125 0.35937500000000006 0.659375 0.590625 0.659375
1 0.3421875000000001 0.4125 0.16875000000000004 0.4125 0.16875000000000007 0.5875 0.3421875000000001 0.5875
1 0.4296875 0.44375 0.3125000000000001 0.44375 0.3125000000000001 0.58125 0.4296875 0.58125
1 0.75625 0.4171875000000001 0.5296875 0.4171875 0.5296875 0.7203125000000001 0.75625 0.7203125000000001
1 0.2328125000000001 0.5609375 6.869503138967185e-17 0.5609375 9.098743015540102e-17 0.925 0.2328125000000001 0.925
1 1 0.4906250000000001 0.4484375 0.490625 0.4484375000000001 1 1 1
1 0.5093750000000001 0.5578125 6.831232926493829e-17 0.5578125 9.510147799628666e-17 0.9953125 0.5093750000000001 0.9953125