1 0.796875 0.6343750000000001 0.784375 0.6343750000000001 0.784375 0.6812500000000001 0.796875 0.6812500000000001
1 0.815625 0.6343750000000001 0.7984375 0.6343750000000001 0.7984375 0.6859375000000002 0.815625 0.6859375000000002
1 0.9640625 0.6625000000000002 0.9046875 0.6625000000000002 0.9046875 0.7843750000000002 0.9640625 0.7843750000000002
1 0.6875000000000001 0.678125 0.653125 0.678125 0.6531250000000001 0.775 0.6875000000000002 0.775
1 0.5265625 0.71875 0.5109375 0.71875 0.5109375 0.796875 0.5265625000000002 0.796875
1 0.5531250000000001 0.71875 0.540625 0.71875 0.5406250000000001 0.8078125 0.5531250000000002 0.8078125
1 0.5421875 0.725 0.5296875 0.725 0.5296875000000001 0.809375 0.5421875000000002 0.809375
1 0.1921875000000001 0.784375 0.18125000000000008 0.784375 0.18125000000000008 0.80625 0.1921875000000001 0.80625
1 0.1937500000000001 0.7640625 0.16562500000000008 0.7640625 0.16562500000000008 0.8359375 0.1937500000000001 0.8359375
1 0.1515625000000001 0.7921875 0.14062500000000008 0.7921875 0.14062500000000008 0.815625 0.1515625000000001 0.815625
1 0.23437500000000008 0.7625 0.21093750000000008 0.7625 0.21093750000000008 0.85 0.23437500000000008 0.85
1 0.1843750000000001 0.8125 0.1765625000000001 0.8125 0.1765625000000001 0.840625 0.1843750000000001 0.840625
1 0.7875000000000002 0.7765625000000002 0.7718750000000002 0.7765625000000002 0.7718750000000002 0.8921875 0.7875000000000002 0.8921875
1 0.8046875 0.7968750000000002 0.7843750000000002 0.7968750000000002 0.7843750000000002 0.8953125 0.8046875 0.8953125
1 0.3265625000000001 0.8109375 0.2984375000000001 0.8109375 0.2984375000000001 0.9125 0.3265625000000001 0.9125