1 0.13281250000000008 0.5984375 0.08750000000000006 0.5984375 0.08750000000000008 0.64375 0.13281250000000008 0.64375
1 0.675 0.596875 0.6328125 0.596875 0.6328125 0.646875 0.675 0.646875
1 0.2609375000000001 0.6375 0.2062500000000001 0.6375 0.2062500000000001 0.775 0.2609375000000001 0.775
1 0.9375 0.6140625000000002 0.88125 0.6140625000000002 0.88125 0.8453125 0.9375 0.8453125
1 0.2984375000000001 0.61875 0.24375000000000008 0.61875 0.24375000000000008 0.903125 0.2984375000000001 0.903125
1 0.7328125000000001 0.6000000000000001 0.6328125 0.6 0.6328125000000001 0.9390625 0.7328125000000002 0.9390625
1 0.6968750000000001 0.5953125 0.584375 0.5953125 0.5843750000000001 0.946875 0.6968750000000001 0.946875
1 0.3937500000000001 0.61875 0.33281250000000007 0.61875 0.33281250000000007 0.9234375 0.3937500000000001 0.9234375
1 0.503125 0.5953125 0.43125 0.5953125 0.4312500000000001 0.9578125 0.5031250000000002 0.9578125
1 0.3437500000000001 0.609375 0.2484375000000001 0.609375 0.2484375000000001 0.946875 0.3437500000000001 0.946875
1 0.4765625000000001 0.609375 0.37187500000000007 0.609375 0.37187500000000007 0.9515625 0.47656250000000017 0.9515625
1 0.7921875 0.6078125000000001 0.71875 0.6078125 0.7187500000000001 0.9625 0.7921875000000002 0.9625
1 0.9015625 0.6000000000000002 0.8171875 0.6000000000000002 0.8171875 0.975 0.9015625 0.975
1 0.6031250000000001 0.5953125 0.4546875 0.5953125 0.4546875000000001 0.98125 0.6031250000000001 0.98125
1 0.96875 0.6093750000000002 0.871875 0.6093750000000002 0.871875 0.9734375 0.96875 0.9734375
1 0.8609375 0.6140625000000002 0.753125 0.6140625000000002 0.753125 0.98125 0.8609375 0.98125
1 1 0.6265625000000001 0.9125 0.6265625000000001 0.9125 0.98125 1 0.98125