1 0.98125 0.2609375000000001 0.9734375 0.2609375000000001 0.9734375 0.3078125000000001 0.98125 0.3078125000000001
1 0.96875 0.2687500000000001 0.9359375 0.2687500000000001 0.9359375 0.30937500000000007 0.96875 0.30937500000000007
1 0.9640625 0.2984375000000001 0.946875 0.2984375000000001 0.946875 0.3453125000000001 0.9640625 0.3453125000000001
1 0.6859375 0.3140625000000001 0.66875 0.3140625000000001 0.66875 0.34843750000000007 0.6859375 0.34843750000000007
1 0.75 0.3187500000000001 0.7296875 0.3187500000000001 0.7296875 0.3453125000000001 0.75 0.3453125000000001
1 0.996875 0.31718750000000007 0.98125 0.31718750000000007 0.98125 0.3468750000000001 0.996875 0.3468750000000001
1 0.6640625 0.3187500000000001 0.640625 0.3187500000000001 0.640625 0.34843750000000007 0.6640625 0.34843750000000007
1 0.7140625 0.3187500000000001 0.6953125 0.3187500000000001 0.6953125 0.3546875000000001 0.7140625 0.3546875000000001
1 0.725 0.3281250000000001 0.709375 0.3281250000000001 0.709375 0.3625000000000001 0.725 0.3625000000000001
1 0.746875 0.3375000000000001 0.725 0.3375000000000001 0.725 0.3734375000000001 0.746875 0.3734375000000001
1 0.6171875 0.3468750000000001 0.596875 0.3468750000000001 0.596875 0.37187500000000007 0.6171875 0.37187500000000007
1 0.6875 0.3453125000000001 0.665625 0.3453125000000001 0.665625 0.3750000000000001 0.6875 0.3750000000000001
1 0.6609375 0.3515625000000001 0.6421875 0.3515625000000001 0.6421875 0.3781250000000001 0.6609375 0.3781250000000001
1 1 0.3515625000000001 0.9828125 0.3515625000000001 0.9828125 0.3937500000000001 1 0.3937500000000001
1 0.6 0.3593750000000001 0.584375 0.3593750000000001 0.584375 0.3890625000000001 0.6 0.3890625000000001
1 0.640625 0.3593750000000001 0.6203125 0.3593750000000001 0.6203125 0.3890625000000001 0.640625 0.3890625000000001
1 0.9734375 0.35625000000000007 0.9546875 0.35625000000000007 0.9546875 0.4000000000000002 0.9734375 0.4000000000000002
1 0.7171875 0.3546875000000001 0.690625 0.3546875000000001 0.690625 0.4125 0.7171875 0.4125
1 0.59375 0.3703125000000001 0.578125 0.3703125000000001 0.578125 0.4046875 0.59375 0.4046875
1 0.6125 0.3734375000000001 0.5984375 0.3734375000000001 0.5984375 0.403125 0.6125 0.403125
1 0.7453125 0.3656250000000001 0.7203125 0.3656250000000001 0.7203125 0.41093750000000007 0.7453125 0.4109375000000002
1 0.659375 0.3750000000000001 0.6390625 0.3750000000000001 0.6390625 0.403125 0.659375 0.403125
1 0.5734375 0.3687500000000001 0.55 0.3687500000000001 0.55 0.415625 0.5734375 0.415625
1 0.6828125 0.3828125000000001 0.6578125 0.3828125000000001 0.6578125 0.409375 0.6828125 0.409375
1 0.765625 0.38750000000000007 0.7453125 0.38750000000000007 0.7453125 0.41406250000000017 0.765625 0.41406250000000017
1 0.5953125 0.3921875000000001 0.5765625 0.3921875000000001 0.5765625 0.421875 0.5953125 0.421875
1 0.6875 0.3968750000000001 0.6671875 0.3968750000000001 0.6671875 0.425 0.6875 0.425
1 0.553125 0.3890625000000001 0.5328125 0.3890625000000001 0.5328125 0.434375 0.553125 0.434375
1 0.7359375 0.40312500000000007 0.7171875 0.403125 0.7171875 0.4312500000000001 0.7359375 0.4312500000000002
1 0.984375 0.3984375000000001 0.9640625 0.3984375000000001 0.9640625 0.4359375000000002 0.984375 0.4359375000000002
1 0.590625 0.4078125 0.5671875 0.4078125 0.5671875 0.4359375 0.590625 0.4359375
1 0.6578125 0.4078125 0.640625 0.4078125 0.640625 0.4421875 0.6578125 0.4421875
1 0.54375 0.409375 0.5234375 0.409375 0.5234375 0.4484375 0.54375 0.4484375
1 0.759375 0.4156250000000002 0.7484375 0.4156250000000002 0.7484375 0.4437500000000002 0.759375 0.4437500000000002
1 0.5015625 0.4109375 0.4890625 0.4109375 0.4890625 0.45 0.5015625 0.45
1 0.6359375 0.4203125 0.61875 0.4203125 0.61875 0.446875 0.6359375 0.446875
1 0.4921875 0.4234375 0.4671875 0.4234375 0.4671875 0.4484375 0.4921875 0.4484375
1 0.5265625 0.425 0.5015625 0.425 0.5015625 0.453125 0.5265625 0.453125
1 0.5734375 0.434375 0.5625 0.434375 0.5625 0.4546875 0.5734375 0.4546875
1 0.54375 0.434375 0.521875 0.434375 0.521875 0.4625 0.54375 0.4625
1 0.6953125 0.4359375 0.6765625 0.4359375 0.6765625 0.4640625 0.6953125 0.4640625
1 0.5609375 0.4328125 0.5421875 0.4328125 0.5421875 0.471875 0.5609375 0.471875
1 0.4953125 0.446875 0.4828125 0.446875 0.4828125 0.4671875 0.4953125 0.4671875
1 0.6140625 0.4375 0.5890625 0.4375 0.5890625 0.4765625 0.6140625 0.4765625
1 0.6703125 0.44375 0.6515625 0.44375 0.6515625 0.4734375 0.6703125 0.4734375
1 0.5609375 0.4578125 0.5359375 0.4578125 0.5359375 0.4765625 0.5609375 0.4765625
1 0.6484375 0.4484375 0.628125 0.4484375 0.628125 0.4859375 0.6484375 0.4859375
1 0.540625 0.45 0.51875 0.45 0.51875 0.4859375 0.540625 0.4859375
1 0.7390625 0.4531250000000001 0.7203125 0.453125 0.7203125 0.4828125000000001 0.7390625 0.4828125000000002
1 0.696875 0.453125 0.675 0.453125 0.675 0.4921875 0.696875 0.4921875
1 0.5703125 0.4625 0.55 0.4625 0.55 0.490625 0.5703125 0.490625
1 0.6828125 0.459375 0.659375 0.459375 0.659375 0.4953125 0.6828125 0.4953125
1 0.7234375 0.4640625 0.7 0.4640625 0.7 0.4921875 0.7234375 0.4921875
1 0.521875 0.4703125 0.5015625 0.4703125 0.5015625 0.4953125 0.521875 0.4953125
1 0.553125 0.471875 0.5328125 0.471875 0.5328125 0.4984375 0.553125 0.4984375
1 0.534375 0.4796875 0.50625 0.4796875 0.50625 0.5046875 0.534375 0.5046875
1 0.11406250000000004 0.4921875 0.08750000000000006 0.4921875 0.08750000000000006 0.5171875 0.11406250000000004 0.5171875
1 0.06562500000000007 0.4953125 0.04843750000000006 0.4953125 0.048437500000000064 0.525 0.06562500000000007 0.525
1 0.3125000000000001 0.4984375 0.2921875000000001 0.4984375 0.2921875000000001 0.5375 0.3125000000000001 0.5375
1 0.61875 0.50625 0.603125 0.50625 0.603125 0.5328125 0.61875 0.5328125
1 0.2921875000000001 0.5109375 0.2796875000000001 0.5109375 0.2796875000000001 0.5375 0.2921875000000001 0.5375
1 0.09843750000000007 0.5046875 0.07343750000000007 0.5046875 0.07343750000000007 0.56875 0.09843750000000007 0.56875
1 0.3968750000000001 0.4328125 0.32500000000000007 0.4328125 0.32500000000000007 0.6578125 0.3968750000000001 0.6578125
1 0.16093750000000007 0.48125 0.11562500000000005 0.48125 0.11562500000000006 0.6484375 0.1609375000000001 0.6484375
1 0.01562500000000007 0.4828125 5.912747827133314e-17 0.4828125 6.955611117032232e-17 0.653125 0.015625000000000076 0.653125
1 0.060937500000000075 0.490625 0.01718750000000006 0.490625 0.01718750000000007 0.65 0.06093750000000009 0.65
1 0.2687500000000001 0.5140625 0.2375000000000001 0.5140625 0.2375000000000001 0.64375 0.2687500000000001 0.64375
1 0.6203125 0.4546875 0.5375 0.4546875 0.5375 0.7109375 0.6203125 0.7109375
1 0.6875 0.49375 0.659375 0.49375 0.659375 0.678125 0.6875 0.678125
1 0.5515625 0.5 0.5078125 0.5 0.5078125 0.6765625 0.5515625 0.6765625
1 0.24375000000000005 0.359375 0.13593750000000004 0.359375 0.13593750000000007 0.81875 0.24375000000000008 0.81875
1 0.725 0.4953125 0.6984375 0.4953125 0.6984375 0.6828125 0.725 0.6828125
1 0.6625 0.5046875 0.6359375 0.5046875 0.6359375 0.684375 0.6625 0.684375
1 1 0.4515625000000002 0.9515625 0.4515625000000002 0.9515625 0.7531250000000002 1 0.7531250000000002
1 0.14062500000000006 0.521875 0.07500000000000007 0.521875 0.07500000000000008 0.6828125 0.14062500000000008 0.6828125
1 0.971875 0.21875000000000008 0.7203125 0.21875000000000008 0.7203125000000001 1 0.971875 1
1 0.4937500000000001 0.4046875 0.3890625000000001 0.4046875 0.3890625000000001 0.825 0.4937500000000002 0.825
1 0.3625000000000001 0.5265625 0.2671875000000001 0.5265625 0.2671875000000001 0.75625 0.3625000000000001 0.75625