1 0.5859375 0.3671875000000001 0.546875 0.3671875000000001 0.546875 0.4765625 0.5859375 0.4765625
1 0.884375 0.40937500000000016 0.84375 0.40937500000000016 0.84375 0.5656250000000002 0.884375 0.5656250000000002
1 0.31718750000000007 0.3796875 0.2734375000000001 0.3796875 0.2734375000000001 0.5953125 0.31718750000000007 0.5953125
1 0.4125 0.4 0.37187500000000007 0.4 0.37187500000000007 0.5765625 0.4125 0.5765625
1 0.2093750000000001 0.3984375 0.18281250000000004 0.3984375 0.18281250000000007 0.5859375 0.2093750000000001 0.5859375
1 0.7234375 0.4015625 0.6625 0.4015625 0.6625 0.5953125 0.7234375 0.5953125
1 0.08906250000000006 0.3953125 0.02187500000000005 0.3953125 0.02187500000000006 0.6015625 0.08906250000000007 0.6015625
1 0.19218750000000007 0.3765625 0.14843750000000006 0.3765625 0.14843750000000006 0.621875 0.1921875000000001 0.621875
1 0.9703125 0.41718750000000016 0.9265625 0.41718750000000016 0.9265625 0.6000000000000002 0.9703125 0.6000000000000002
1 0.609375 0.415625 0.5484375 0.415625 0.5484375 0.6328125 0.609375 0.6328125
1 0.95 0.3906250000000001 0.878125 0.3906250000000001 0.878125 0.6687500000000002 0.95 0.6687500000000002
1 0.5453125 0.4171875 0.48125 0.4171875 0.48125 0.64375 0.5453125 0.64375
1 0.4421875 0.41875 0.3984375000000001 0.41875 0.3984375000000001 0.64375 0.4421875 0.64375
1 0.2953125000000001 0.3890625 0.19531250000000006 0.3890625 0.19531250000000006 0.675 0.2953125000000001 0.675
1 0.5 0.4234375 0.428125 0.4234375 0.428125 0.65625 0.5 0.65625