1 0.7328125 0.2500000000000001 0.678125 0.2500000000000001 0.678125 0.3625000000000001 0.7328125 0.3625000000000001
1 0.2828125 0.221875 0.15000000000000005 0.221875 0.15000000000000005 0.4546875 0.2828125000000001 0.4546875
1 0.6359375 0.2875000000000001 0.5890625 0.2875000000000001 0.5890625 0.3937500000000001 0.6359375 0.3937500000000001
1 0.4078125 0.25625000000000003 0.3328125 0.25625 0.33281250000000007 0.4921875 0.4078125 0.4921875
1 0.528125 0.29375000000000007 0.478125 0.29375000000000007 0.478125 0.46875 0.528125 0.46875
1 0.8359375 0.2750000000000001 0.7640625 0.2750000000000001 0.7640625 0.5062500000000002 0.8359375 0.5062500000000002
1 0.1984375000000001 0.2421875 0.01093750000000003 0.2421875 0.010937500000000076 0.990625 0.19843750000000013 0.990625
1 0.37812500000000004 0.24062500000000003 0.18593750000000003 0.240625 0.1859375000000001 0.9984375 0.3781250000000001 0.9984375
1 0.7125000000000001 0.35625000000000007 0.609375 0.35625000000000007 0.6093750000000001 0.925 0.7125000000000001 0.925
1 0.965625 0.2875000000000001 0.79375 0.2875000000000001 0.7937500000000001 1 0.965625 1
1 0.5156250000000001 0.3031250000000001 0.3640625 0.3031250000000001 0.36406250000000007 0.990625 0.5156250000000002 0.990625
1 0.6218750000000001 0.3000000000000001 0.490625 0.3000000000000001 0.4906250000000001 0.9984375 0.6218750000000002 0.9984375
1 0.8125 0.34843750000000007 0.6421875 0.34843750000000007 0.6421875000000001 1 0.8125 1