1 1 0.2140625000000001 0.7421875 0.2140625000000001 0.7421875000000001 0.9921875 1 0.9921875
1 0.9546875 0.2250000000000001 0.5140625 0.2250000000000001 0.5140625000000001 0.9953125 0.9546875 0.9953125
1 0.6015625000000001 0.24687500000000004 0.14062500000000006 0.246875 0.14062500000000008 0.9875 0.6015625000000002 0.9875
1 0.26093750000000004 0.3203125 3.922696778518866e-17 0.3203125 8.0845823849962e-17 1 0.2609375000000001 1
1 0.15625 0.040625000000000015 0.1015625 0.04062500000000001 0.1015625 0.128125 0.15625 0.128125
1 0.03593750000000002 0.053125 6.505936120470313e-18 0.053125 1.3777276490407724e-17 0.171875 0.035937500000000025 0.171875
1 0.2515625 0.043750000000000025 0.1765625 0.043750000000000025 0.1765625 0.18906250000000002 0.2515625 0.18906250000000005
1 0.12656250000000002 0.08750000000000001 0.090625 0.0875 0.09062500000000001 0.2046875 0.12656250000000005 0.2046875
1 0.240625 0.2015625 0.17187500000000006 0.2015625 0.17187500000000006 0.315625 0.240625 0.315625
1 0.446875 0.2562500000000001 0.4125 0.2562500000000001 0.4125 0.31718750000000007 0.446875 0.31718750000000007
1 0.4078125 0.27968750000000003 0.3171875 0.2796875 0.31718750000000007 0.36718750000000006 0.4078125 0.3671875000000001