1 0.34062500000000007 0.321875 0.2515625 0.321875 0.2515625 0.528125 0.34062500000000007 0.528125
1 0.7078125 0.3156250000000001 0.60625 0.3156250000000001 0.60625 0.55625 0.7078125 0.55625
1 0.9546875 0.2921875000000001 0.821875 0.2921875000000001 0.821875 0.5890625000000002 0.9546875 0.5890625000000002
1 0.828125 0.32500000000000007 0.7078125 0.32500000000000007 0.7078125 0.5734375 0.828125 0.5734375000000002
1 0.13593750000000007 0.259375 3.1764276352884476e-17 0.259375 6.582476545417023e-17 0.815625 0.1359375000000001 0.815625
1 0.23906250000000004 0.2828125 0.13593750000000004 0.2828125 0.13593750000000007 0.8015625 0.2390625000000001 0.8015625
1 0.35156250000000006 0.3015625 0.2453125 0.3015625 0.24531250000000004 0.8390625 0.3515625000000001 0.8390625
1 0.4859375000000001 0.2984375000000001 0.38125 0.2984375000000001 0.38125000000000003 0.85625 0.4859375000000002 0.85625
1 0.6046875 0.3265625000000001 0.5109375 0.3265625000000001 0.5109375 0.8515625 0.6046875000000002 0.8515625
1 0.18125000000000008 0.403125 0.04843750000000004 0.403125 0.04843750000000008 0.8765625 0.18125000000000008 0.8765625
1 0.4531250000000001 0.4203125 0.3281250000000001 0.4203125 0.3281250000000001 0.9 0.45312500000000017 0.9
1 0.3125000000000001 0.4515625 0.18593750000000003 0.4515625 0.18593750000000006 0.8734375 0.3125000000000001 0.8734375
1 0.7125000000000001 0.459375 0.5921875 0.459375 0.5921875000000001 0.8890625 0.7125000000000001 0.8890625
1 0.840625 0.4562500000000001 0.7109375 0.45625 0.7109375000000001 0.909375 0.840625 0.909375
1 0.5890625 0.4671875 0.4515625 0.4671875 0.4515625000000001 0.90625 0.5890625000000002 0.90625
1 0.9515625 0.5062500000000002 0.8171875 0.5062500000000002 0.8171875 0.89375 0.9515625 0.89375