1 0.2812500000000001 0.4296875 0.2656250000000001 0.4296875 0.2656250000000001 0.5 0.2812500000000001 0.5
1 0.2578125000000001 0.4484375 0.24218750000000008 0.4484375 0.24218750000000008 0.50625 0.2578125000000001 0.50625
1 0.8046875 0.42187500000000017 0.790625 0.42187500000000017 0.790625 0.5312500000000002 0.8046875 0.5312500000000002
1 0.7984375 0.44843750000000016 0.778125 0.44843750000000016 0.778125 0.5062500000000002 0.7984375 0.5062500000000002
1 0.05625000000000006 0.440625 0.03437500000000006 0.440625 0.03437500000000006 0.515625 0.056250000000000064 0.515625
1 0.615625 0.4453125 0.6015625 0.4453125 0.6015625 0.5296875 0.615625 0.5296875
1 0.6046875 0.44375 0.5921875 0.44375 0.5921875 0.534375 0.6046875 0.534375
1 0.3343750000000001 0.446875 0.3218750000000001 0.446875 0.3218750000000001 0.53125 0.3343750000000001 0.53125
1 0.6890625 0.4453125 0.6640625 0.4453125 0.6640625 0.5375 0.6890625 0.5375
1 0.15468750000000006 0.4484375 0.13125000000000003 0.4484375 0.13125000000000006 0.553125 0.1546875000000001 0.553125
1 0.425 0.44375 0.3921875000000001 0.44375 0.3921875000000001 0.55625 0.425 0.55625
1 0.540625 0.44375 0.51875 0.44375 0.51875 0.559375 0.540625 0.559375
1 0.5203125 0.4484375 0.484375 0.4484375 0.484375 0.55625 0.5203125 0.55625
1 0.16875000000000007 0.446875 0.14531250000000004 0.446875 0.14531250000000007 0.5578125 0.1687500000000001 0.5578125
1 0.07500000000000007 0.4609375 0.05312500000000007 0.4609375 0.05312500000000007 0.5484375 0.07500000000000007 0.5484375
1 0.3453125000000001 0.45 0.3156250000000001 0.45 0.3156250000000001 0.559375 0.3453125000000001 0.559375
1 0.6375 0.4265625 0.6140625 0.4265625 0.6140625 0.590625 0.6375 0.590625
1 0.8984375 0.4281250000000002 0.859375 0.4281250000000002 0.859375 0.5890625000000002 0.8984375 0.5890625000000002
1 0.3078125000000001 0.44375 0.27812500000000007 0.44375 0.27812500000000007 0.5734375 0.3078125000000001 0.5734375
1 0.75 0.4437500000000001 0.721875 0.44375 0.721875 0.58125 0.75 0.5812500000000002
1 0.453125 0.465625 0.3921875000000001 0.465625 0.3921875000000001 0.5671875 0.453125 0.5671875
1 0.7125 0.446875 0.690625 0.446875 0.690625 0.59375 0.7125 0.59375
1 0.8515625 0.4312500000000002 0.8015625 0.4312500000000002 0.8015625 0.6312500000000002 0.8515625 0.6312500000000002
1 0.14843750000000006 0.4390625 0.10937500000000004 0.4390625 0.10937500000000007 0.63125 0.14843750000000008 0.63125
1 0.060937500000000054 0.44375 0.014062500000000056 0.44375 0.014062500000000066 0.634375 0.06093750000000007 0.634375
1 0.675 0.43125 0.628125 0.43125 0.628125 0.653125 0.675 0.653125
1 0.13281250000000006 0.4421875 0.06718750000000004 0.4421875 0.06718750000000007 0.6546875 0.13281250000000008 0.6546875
1 0.2828125000000001 0.4796875 0.21875000000000008 0.4796875 0.21875000000000008 0.6421875 0.2828125000000001 0.6421875
1 0.2296875000000001 0.4515625 0.15625000000000006 0.4515625 0.15625000000000006 0.671875 0.2296875000000001 0.671875
1 0.996875 0.4156250000000002 0.925 0.4156250000000002 0.925 0.7578125000000002 0.996875 0.7578125000000002
1 0.8171875 0.4312500000000002 0.7265625 0.4312500000000002 0.7265625000000001 0.7468750000000002 0.8171875 0.7468750000000002