1 0.5609375 0.2015625000000001 0.45625 0.2015625000000001 0.45625 0.421875 0.5609375 0.421875
1 0.35468750000000004 0.19062500000000004 0.246875 0.19062500000000004 0.24687500000000004 0.4578125 0.3546875000000001 0.4578125
1 0.21875000000000006 0.209375 0.06250000000000003 0.209375 0.06250000000000004 0.4671875 0.21875000000000008 0.4671875
1 0.7234375 0.22031250000000008 0.6421875 0.22031250000000008 0.6421875 0.4640625 0.7234375 0.4640625
1 0.646875 0.2234375000000001 0.55625 0.2234375000000001 0.55625 0.4640625 0.646875 0.4640625
1 0.30781250000000004 0.2234375 0.17656250000000004 0.2234375 0.17656250000000004 0.5140625 0.3078125000000001 0.5140625
1 0.784375 0.2750000000000001 0.6859375 0.2750000000000001 0.6859375 0.4765625000000001 0.784375 0.47656250000000017
1 0.4265625 0.22343750000000004 0.3296875 0.2234375 0.3296875 0.5515625 0.4265625 0.5515625
1 0.7171875 0.421875 0.671875 0.421875 0.671875 0.559375 0.7171875 0.559375
1 1 0.3343750000000001 0.7703125 0.3343750000000001 0.7703125000000001 0.8765625 1 0.8765625
1 0.6140625000000001 0.3109375000000001 0.478125 0.3109375000000001 0.4781250000000001 0.9546875 0.6140625000000002 0.9546875
1 0.5062500000000001 0.3125000000000001 0.371875 0.3125000000000001 0.37187500000000007 0.971875 0.5062500000000002 0.971875
1 0.8671875 0.4468750000000001 0.7015625 0.446875 0.7015625000000001 0.9140625 0.8671875 0.9140625
1 0.6984375 0.4234375 0.584375 0.4234375 0.5843750000000001 0.9390625 0.6984375000000002 0.9390625
1 0.3843750000000001 0.4359375 0.2296875000000001 0.4359375 0.2296875000000001 0.95 0.3843750000000001 0.95
1 0.1625000000000001 0.43125 0.029687500000000054 0.43125 0.02968750000000009 0.9625 0.16250000000000014 0.9625
1 0.2843750000000001 0.45 0.13593750000000004 0.45 0.1359375000000001 0.9671875 0.2843750000000001 0.9671875
1 0.9875 0.5734375000000002 0.83125 0.5734375000000002 0.83125 0.884375 0.9875 0.884375