1 0.825 0.47187500000000016 0.809375 0.47187500000000016 0.809375 0.5406250000000001 0.825 0.5406250000000001
1 0.4921875 0.4796875 0.4703125 0.4796875 0.4703125 0.5328125 0.4921875 0.5328125
1 0.8609375 0.4625000000000002 0.8359375 0.4625000000000002 0.8359375 0.5578125000000002 0.8609375 0.5578125000000002
1 0.8375 0.47968750000000016 0.8125 0.47968750000000016 0.8125 0.5437500000000002 0.8375 0.5437500000000002
1 0.2062500000000001 0.4734375 0.19375000000000003 0.4734375 0.19375000000000006 0.5515625 0.2062500000000001 0.5515625
1 0.796875 0.47656250000000017 0.765625 0.47656250000000017 0.765625 0.5562500000000001 0.796875 0.5562500000000001
1 0.07500000000000007 0.4828125 0.05468750000000007 0.4828125 0.05468750000000007 0.55 0.07500000000000007 0.55
1 0.06875000000000006 0.4828125 0.04062500000000006 0.4828125 0.040625000000000064 0.55 0.06875000000000006 0.55
1 0.3578125000000001 0.4109375 0.27812500000000007 0.4109375 0.27812500000000007 0.6515625 0.3578125000000001 0.6515625
1 0.9984375 0.4265625000000002 0.9265625 0.4265625000000002 0.9265625 0.6718750000000002 0.9984375 0.6718750000000002
1 0.7734375 0.4062500000000001 0.6953125 0.40625 0.6953125 0.6968750000000001 0.7734375 0.6968750000000001
1 0.49375 0.4484375 0.41875 0.4484375 0.41875 0.6578125 0.49375 0.6578125
1 0.040625000000000064 0.396875 0.0015625000000000487 0.396875 0.0015625000000000701 0.746875 0.04062500000000009 0.746875
1 0.64375 0.4078125 0.5625 0.4078125 0.5625000000000001 0.734375 0.6437500000000002 0.734375
1 0.4453125 0.4203125 0.3515625000000001 0.4203125 0.3515625000000001 0.7234375 0.4453125 0.7234375
1 0.3734375000000001 0.40625 0.25468750000000007 0.40625 0.25468750000000007 0.7453125 0.3734375000000001 0.7453125
1 0.565625 0.4015625 0.4734375 0.4015625 0.47343750000000007 0.7640625 0.5656250000000002 0.7640625
1 0.19062500000000007 0.3765625 0.08593750000000004 0.3765625 0.08593750000000007 0.8109375 0.1906250000000001 0.8109375