1 0.6125 0.1921875000000001 0.5515625 0.1921875000000001 0.5515625 0.4546875 0.6125 0.4546875
1 0.17500000000000004 0.3109375 0.13437500000000005 0.3109375 0.13437500000000005 0.384375 0.17500000000000004 0.384375
1 0.746875 0.2968750000000001 0.671875 0.2968750000000001 0.671875 0.41875000000000007 0.746875 0.4187500000000002
1 0.8515625 0.2671875000000001 0.74375 0.2671875000000001 0.74375 0.44843750000000016 0.8515625 0.44843750000000016
1 0.24687500000000004 0.33125 0.2015625 0.33125 0.20156250000000003 0.403125 0.2468750000000001 0.403125
1 0.32656250000000003 0.303125 0.2453125 0.303125 0.24531250000000004 0.4453125 0.3265625000000001 0.4453125
1 0.534375 0.2843750000000001 0.471875 0.2843750000000001 0.471875 0.48125 0.534375 0.48125
1 0.609375 0.3140625000000001 0.534375 0.3140625000000001 0.534375 0.45625 0.609375 0.45625
1 0.4515625 0.3234375000000001 0.3890625 0.3234375000000001 0.38906250000000003 0.4484375 0.4515625 0.4484375
1 0.38906250000000003 0.3375 0.3265625 0.3375 0.32656250000000003 0.4421875 0.3890625000000001 0.4421875
1 0.6984375 0.3265625000000001 0.628125 0.3265625000000001 0.628125 0.4640625 0.6984375 0.4640625
1 0.8328125 0.3656250000000001 0.7359375 0.3656250000000001 0.7359375 0.4968750000000002 0.8328125 0.4968750000000002
1 0.3531250000000001 0.3796875 0.2593750000000001 0.3796875 0.2593750000000001 0.484375 0.3531250000000001 0.484375
1 0.915625 0.37968750000000007 0.8265625 0.37968750000000007 0.8265625 0.48437500000000017 0.915625 0.48437500000000017
1 0.671875 0.3843750000000001 0.5734375 0.3843750000000001 0.5734375 0.4890625 0.671875 0.4890625
1 0.4390625 0.3921875 0.3593750000000001 0.3921875 0.3593750000000001 0.49375 0.4390625 0.49375
1 0.590625 0.403125 0.503125 0.403125 0.503125 0.49375 0.590625 0.49375
1 0.2234375000000001 0.39375 0.18125000000000005 0.39375 0.18125000000000005 0.503125 0.2234375000000001 0.503125
1 0.7640625 0.3906250000000001 0.6625 0.3906250000000001 0.6625 0.5093750000000001 0.7640625 0.5093750000000001
1 0.5046875 0.403125 0.421875 0.403125 0.421875 0.4984375 0.5046875 0.4984375
1 0.12500000000000006 0.33125 0.026562500000000044 0.33125 0.026562500000000065 0.7078125 0.12500000000000008 0.7078125
1 1 0.3546875000000001 0.8953125 0.3546875000000001 0.8953125 0.7062500000000002 1 0.7062500000000002
1 0.19375000000000006 0.3796875 0.10312500000000005 0.3796875 0.10312500000000006 0.7109375 0.1937500000000001 0.7109375