1 0.3750000000000001 0.36718750000000006 0.3375000000000001 0.3671875 0.3375000000000001 0.4359375 0.3750000000000001 0.4359375
1 0.440625 0.37187500000000007 0.4 0.37187500000000007 0.4 0.48125 0.440625 0.48125
1 0.08906250000000006 0.3953125 0.06093750000000005 0.3953125 0.060937500000000054 0.4640625 0.08906250000000007 0.4640625
1 0.55 0.37187500000000007 0.49375 0.37187500000000007 0.49375 0.515625 0.55 0.515625
1 0.6890625 0.3750000000000001 0.6328125 0.3750000000000001 0.6328125 0.578125 0.6890625 0.578125
1 0.09062500000000007 0.378125 0.0015625000000000465 0.378125 0.0015625000000000651 0.6875 0.0906250000000001 0.6875
1 0.17031250000000006 0.3953125 0.07343750000000004 0.3953125 0.07343750000000007 0.6890625 0.1703125000000001 0.6890625
1 0.7796875000000001 0.3296875000000001 0.6671875 0.3296875000000001 0.6671875 0.7578125000000001 0.7796875000000002 0.7578125000000002
1 0.9125 0.3125000000000001 0.7734375 0.3125000000000001 0.7734375000000001 0.7812500000000002 0.9125 0.7812500000000002
1 0.32031250000000006 0.328125 0.2046875 0.328125 0.20468750000000005 0.7734375 0.3203125000000001 0.7734375
1 0.4390625000000001 0.36718750000000006 0.3187500000000001 0.3671875 0.3187500000000001 0.7875 0.4390625000000002 0.7875
1 0.5390625000000001 0.38750000000000007 0.4140625 0.38750000000000007 0.4140625000000001 0.8375 0.5390625000000002 0.8375