1 0.778125 0.3312500000000001 0.7578125 0.3312500000000001 0.7578125 0.3750000000000001 0.778125 0.3750000000000001
1 0.04843750000000004 0.3515625 0.029687500000000044 0.3515625 0.029687500000000044 0.3875 0.04843750000000004 0.3875
1 0.6828125 0.3531250000000001 0.6578125 0.3531250000000001 0.6578125 0.4109375 0.6828125 0.4109375
1 0.553125 0.3656250000000001 0.5265625 0.3656250000000001 0.5265625 0.40625 0.553125 0.40625
1 0.796875 0.36406250000000007 0.775 0.36406250000000007 0.775 0.40937500000000016 0.796875 0.40937500000000016
1 0.565625 0.3765625000000001 0.5453125 0.3765625000000001 0.5453125 0.4078125 0.565625 0.4078125
1 0.93125 0.3671875000000001 0.8921875 0.3671875000000001 0.8921875 0.4312500000000002 0.93125 0.4312500000000002
1 0.4125 0.34062500000000007 0.34375 0.340625 0.34375000000000006 0.6234375 0.4125 0.6234375
1 0.4640625 0.36406250000000007 0.409375 0.36406250000000007 0.409375 0.6 0.4640625 0.6
1 0.37187500000000007 0.35468750000000004 0.2609375 0.3546875 0.26093750000000004 0.66875 0.37187500000000007 0.66875
1 0.5484375 0.3437500000000001 0.45 0.3437500000000001 0.45 0.68125 0.5484375 0.68125
1 0.6078125 0.3546875000000001 0.528125 0.3546875000000001 0.528125 0.7078125 0.6078125 0.7078125
1 0.6968750000000001 0.3468750000000001 0.584375 0.3468750000000001 0.5843750000000001 0.7390625 0.6968750000000001 0.7390625
1 0.13593750000000007 0.2671875 0.009375000000000033 0.2671875 0.00937500000000007 0.8734375 0.1359375000000001 0.8734375
1 0.909375 0.3500000000000001 0.7859375 0.3500000000000001 0.7859375000000001 0.7984375000000001 0.909375 0.7984375000000001
1 0.8 0.3468750000000001 0.6734375 0.3468750000000001 0.6734375000000001 0.8203125 0.8 0.8203125
1 1 0.3359375000000001 0.8578125 0.3359375000000001 0.8578125 0.990625 1 0.990625
1 0.93125 0.5562500000000001 0.8421875 0.5562500000000001 0.8421875 0.8625 0.93125 0.8625