1 0.3859375000000001 0.515625 0.3656250000000001 0.515625 0.3656250000000001 0.5890625 0.3859375000000001 0.5890625
1 0.36406250000000007 0.521875 0.3296875000000001 0.521875 0.3296875000000001 0.59375 0.36406250000000007 0.59375
1 0.3656250000000001 0.5234375 0.3453125000000001 0.5234375 0.3453125000000001 0.5921875 0.3656250000000001 0.5921875
1 0.3437500000000001 0.5234375 0.3218750000000001 0.5234375 0.3218750000000001 0.5921875 0.3437500000000001 0.5921875
1 0.2218750000000001 0.521875 0.2000000000000001 0.521875 0.2000000000000001 0.5953125 0.2218750000000001 0.5953125
1 0.18750000000000006 0.525 0.16718750000000004 0.525 0.16718750000000007 0.59375 0.18750000000000008 0.59375
1 0.37968750000000007 0.5203125 0.3421875000000001 0.5203125 0.3421875000000001 0.5984375 0.37968750000000007 0.5984375
1 0.16093750000000007 0.525 0.13750000000000004 0.525 0.13750000000000007 0.596875 0.1609375000000001 0.596875
1 0.18593750000000006 0.525 0.13750000000000004 0.525 0.13750000000000007 0.6 0.1859375000000001 0.6
1 0.2218750000000001 0.525 0.16562500000000005 0.525 0.16562500000000008 0.6015625 0.2218750000000001 0.6015625
1 0.36406250000000007 0.5234375 0.3046875000000001 0.5234375 0.3046875000000001 0.6015625 0.36406250000000007 0.6015625
1 0.3296875000000001 0.528125 0.3000000000000001 0.528125 0.3000000000000001 0.6 0.3296875000000001 0.6
1 0.28593750000000007 0.5328125 0.2468750000000001 0.5328125 0.2468750000000001 0.653125 0.28593750000000007 0.653125