1 0.4140625000000001 0.6984375 0.38750000000000007 0.6984375 0.38750000000000007 0.890625 0.41406250000000017 0.890625
1 0.4859375000000001 0.7046875 0.459375 0.7046875 0.4593750000000001 0.903125 0.4859375000000002 0.903125
1 0.5250000000000001 0.715625 0.4890625 0.715625 0.48906250000000007 0.8984375 0.5250000000000001 0.8984375
1 0.3125000000000001 0.6375 0.2234375000000001 0.6375 0.2234375000000001 0.99375 0.3125000000000001 0.99375
1 0.6609375000000001 0.71875 0.625 0.71875 0.6250000000000001 0.9171875 0.6609375000000002 0.9171875
1 0.8953125 0.6968750000000001 0.834375 0.6968750000000001 0.834375 0.978125 0.8953125 0.978125
1 0.4484375000000001 0.6953125 0.415625 0.6953125 0.4156250000000001 0.98125 0.44843750000000016 0.98125
1 0.7343750000000001 0.7046875000000001 0.6796875 0.7046875 0.6796875000000001 0.9765625 0.7343750000000002 0.9765625
1 0.9109375 0.7031250000000002 0.8578125 0.7031250000000002 0.8578125 0.9796875 0.9109375 0.9796875
1 0.9359375 0.7031250000000002 0.8859375 0.7031250000000002 0.8859375 0.9828125 0.9359375 0.9828125
1 0.984375 0.7109375000000002 0.9296875 0.7109375000000002 0.9296875 0.9828125 0.984375 0.9828125
1 0.8046875 0.7421875000000002 0.7546875000000002 0.7421875000000002 0.7546875000000002 0.9515625 0.8046875 0.9515625
1 0.6375000000000001 0.7125 0.5609375 0.7125 0.5609375000000001 0.9859375 0.6375000000000002 0.9859375