1 0.5703125 0.07812500000000006 0.440625 0.07812500000000004 0.440625 0.43125 0.5703125 0.43125
1 0.7859375 0.11093750000000009 0.7015625 0.11093750000000009 0.7015625 0.4046875000000001 0.7859375 0.4046875000000002
1 0.6984375 0.2406250000000001 0.590625 0.2406250000000001 0.590625 0.4921875 0.6984375 0.4921875
1 0.45625 0.3375 0.31875 0.3375 0.31875000000000003 0.534375 0.45625 0.534375
1 0.11250000000000007 0.28125 0.006250000000000033 0.28125 0.006250000000000054 0.6140625 0.11250000000000009 0.6140625
1 0.6703125000000001 0.403125 0.55625 0.403125 0.5562500000000001 0.7953125 0.6703125000000002 0.7953125
1 0.4062500000000001 0.4765625 0.21093750000000008 0.4765625 0.21093750000000008 0.7875 0.40625000000000017 0.7875
1 0.7984375000000001 0.534375 0.678125 0.534375 0.6781250000000001 0.8796875 0.7984375000000001 0.8796875
1 0.9046875 0.6859375000000002 0.771875 0.6859375000000002 0.7718750000000001 1 0.9046875 1
1 0.5406250000000001 0.6984375 0.3937500000000001 0.6984375 0.3937500000000001 1 0.5406250000000001 1
1 0.3609375000000001 0.721875 0.15781250000000008 0.721875 0.1578125000000001 1 0.3609375000000001 1
1 0.321875 0.0015625000000000337 0.228125 0.0015625000000000278 0.228125 0.18281250000000004 0.321875 0.18281250000000004
1 0.10625000000000002 0.026562500000000006 0.020312500000000004 0.0265625 0.020312500000000018 0.259375 0.10625000000000004 0.259375
1 0.2140625 0.050000000000000024 0.115625 0.050000000000000024 0.11562500000000002 0.2375 0.2140625 0.2375
1 0.425 0.03281250000000004 0.296875 0.032812500000000036 0.296875 0.27812500000000007 0.425 0.27812500000000007