1 0.04375000000000003 0.2125 2.6023744481881253e-17 0.2125 3.7696159286254463e-17 0.403125 0.043750000000000046 0.403125
1 0.88125 0.20312500000000008 0.7921875 0.20312500000000008 0.7921875 0.4265625000000002 0.88125 0.4265625000000002
1 0.8 0.24375000000000008 0.7109375 0.24375000000000008 0.7109375 0.4609375000000001 0.8 0.46093750000000017
1 0.4640625 0.27031250000000007 0.35625 0.2703125 0.35625000000000007 0.515625 0.4640625 0.515625
1 0.6 0.3156250000000001 0.55 0.3156250000000001 0.55 0.4984375 0.6 0.4984375
1 0.20156250000000003 0.30625 0.10625000000000004 0.30625 0.10625000000000004 0.5390625 0.2015625000000001 0.5390625
1 0.2640625000000001 0.3734375 0.18906250000000005 0.3734375 0.18906250000000005 0.521875 0.2640625000000001 0.521875
1 1 0.2171875000000001 0.8484375 0.2171875000000001 0.8484375 1 1 1
1 0.8203125 0.23437500000000008 0.584375 0.23437500000000008 0.5843750000000001 0.9953125 0.8203125 0.9953125
1 0.8984375 0.2562500000000001 0.7453125 0.2562500000000001 0.7453125 0.99375 0.8984375 0.99375
1 0.6218750000000001 0.25468750000000007 0.3953125 0.25468750000000007 0.39531250000000007 0.9953125 0.6218750000000002 0.9953125
1 0.4296875000000001 0.2515625 0.19375000000000003 0.2515625 0.1937500000000001 0.9984375 0.42968750000000017 0.9984375
1 0.26406250000000003 0.33125 0.0015625000000000402 0.33125 0.0015625000000000812 0.9984375 0.2640625000000001 0.9984375
1 0.18750000000000003 0.15625000000000003 0.09062500000000002 0.15625 0.09062500000000004 0.30625 0.18750000000000006 0.30625