1 0.8859375 0.15000000000000008 0.7953125 0.15000000000000008 0.7953125 0.3062500000000001 0.8859375 0.3062500000000001
1 1 0.11562500000000012 0.8625 0.11562500000000009 0.8625 0.3765625000000001 1 0.3765625000000001
1 0.7890625 0.16562500000000008 0.6796875 0.16562500000000008 0.6796875 0.3843750000000001 0.7890625 0.3843750000000001
1 0.40625 0.12343750000000005 0.2734375 0.12343750000000005 0.27343750000000006 0.4265625 0.40625 0.4265625
1 0.07656250000000005 0.1765625 2.1622670047445454e-17 0.1765625 3.913129225400527e-17 0.4625 0.07656250000000006 0.4625
1 0.6421875 0.18281250000000007 0.5109375 0.18281250000000004 0.5109375 0.5328125 0.6421875 0.5328125
1 0.7796875 9.070040356185083e-17 0.7015625 8.591662700268149e-17 0.7015625 0.07968750000000009 0.7796875 0.07968750000000009
1 0.5421875 0.2000000000000001 0.3671875 0.2000000000000001 0.36718750000000006 0.6109375 0.5421875 0.6109375
1 0.18906250000000005 0.2921875 0.07343750000000004 0.2921875 0.07343750000000006 0.525 0.18906250000000005 0.525
1 0.6984375 0.3312500000000001 0.58125 0.3312500000000001 0.58125 0.5390625 0.6984375 0.5390625
1 1 0.3203125000000001 0.91875 0.3203125000000001 0.91875 0.6000000000000002 1 0.6000000000000002
1 0.38750000000000007 0.28750000000000003 0.2125 0.2875 0.21250000000000005 0.675 0.38750000000000007 0.675
1 0.971875 0.3078125000000001 0.80625 0.3078125000000001 0.80625 0.7000000000000002 0.971875 0.7000000000000002
1 0.55 6.23804463315683e-17 0.46875 5.740531871003217e-17 0.46875 0.10468750000000007 0.55 0.10468750000000009
1 0.671875 7.663610047789296e-17 0.5796875 7.099124413807313e-17 0.5796875 0.10781250000000009 0.671875 0.10781250000000009
1 0.896875 1.0553011089527582e-16 0.8265625 1.0122471199202341e-16 0.8265625 0.1312500000000001 0.896875 0.1312500000000001
1 0.2 2.0474563673244812e-17 0.134375 1.6456191363542558e-17 0.134375 0.13281250000000003 0.2 0.13281250000000006
1 0.9234375 0.4750000000000001 0.653125 0.475 0.6531250000000001 1 0.9234375 1
1 0.4250000000000001 0.5015625 0.19218750000000004 0.5015625 0.1921875000000001 0.975 0.42500000000000016 0.975
1 0.31718750000000007 0.48125 0.001562500000000059 0.48125 0.0015625000000000905 1 0.31718750000000007 1
1 0.6984375 0.540625 0.46875 0.540625 0.4687500000000001 1 0.6984375000000002 1
1 1 0.5812500000000002 0.8640625 0.5812500000000002 0.8640625 1 1 1
1 1 0.01406250000000012 0.9515625 0.014062500000000117 0.9515625 0.15000000000000013 1 0.15000000000000013
1 0.5781250000000001 0.65 0.2687500000000001 0.65 0.2687500000000001 1 0.5781250000000002 1
1 0.3125 3.3390760383002056e-17 0.2328125 2.8511308292649316e-17 0.2328125 0.17500000000000004 0.3125 0.17500000000000004
1 0.14375000000000002 0.023437500000000014 0.0796875 0.02343750000000001 0.07968750000000001 0.1890625 0.14375000000000004 0.1890625
1 0.475 4.8220467716427034e-17 0.3125 3.827021247335479e-17 0.3125 0.23125000000000004 0.475 0.2312500000000001
1 0.054687500000000014 0.03906250000000001 0.0015625000000000049 0.0390625 0.0015625000000000148 0.2046875 0.05468750000000002 0.2046875
1 0.6828125 0.11093750000000009 0.6078125 0.11093750000000009 0.6078125 0.2562500000000001 0.6828125 0.2562500000000001
1 0.55 0.09218750000000006 0.46875 0.09218750000000006 0.46875 0.2828125000000001 0.55 0.2828125000000001