1 0.10468750000000007 0.4328125 0.05312500000000005 0.4328125 0.05312500000000007 0.7109375 0.10468750000000009 0.7109375
1 0.17968750000000006 0.44375 0.11093750000000005 0.44375 0.11093750000000006 0.709375 0.17968750000000008 0.709375
1 0.2015625000000001 0.4671875 0.15312500000000004 0.4671875 0.15312500000000007 0.7328125 0.2015625000000001 0.7328125
1 0.2500000000000001 0.46875 0.19687500000000005 0.46875 0.19687500000000008 0.7640625 0.2500000000000001 0.7640625
1 0.32500000000000007 0.390625 0.2453125000000001 0.390625 0.2453125000000001 0.7640625 0.32500000000000007 0.7640625
1 0.4218750000000001 0.4015625 0.3656250000000001 0.4015625 0.3656250000000001 0.7984375 0.42187500000000017 0.7984375
1 0.5093750000000001 0.4140625 0.446875 0.4140625 0.4468750000000001 0.7734375 0.5093750000000001 0.7734375
1 0.5828125000000001 0.43125 0.5125 0.43125 0.5125000000000001 0.828125 0.5828125000000002 0.828125
1 0.7234375000000001 0.425 0.6515625 0.425 0.6515625 0.8328125 0.7234375000000002 0.8328125
1 0.7859375 0.43750000000000017 0.7640625 0.43750000000000017 0.7640625 0.6953125000000002 0.7859375 0.6953125000000002
1 0.8734375 0.4515625000000002 0.7765625 0.4515625000000002 0.7765625 0.8640625 0.8734375 0.8640625
1 0.9953125 0.3781250000000001 0.8984375 0.3781250000000001 0.8984375 0.89375 0.9953125 0.89375