1 0.8828125 0.1515625000000001 0.8234375 0.1515625000000001 0.8234375 0.3062500000000001 0.8828125 0.3062500000000001
1 0.8234375 0.1437500000000001 0.7765625 0.1437500000000001 0.7765625 0.3203125000000001 0.8234375 0.3203125000000001
1 0.2875 0.18906250000000005 0.246875 0.18906250000000005 0.246875 0.3109375 0.2875 0.3109375
1 0.3328125 0.17500000000000004 0.2921875 0.17500000000000004 0.2921875 0.3265625 0.3328125 0.3265625
1 0.7203125 0.2062500000000001 0.678125 0.2062500000000001 0.678125 0.3062500000000001 0.7203125 0.3062500000000001
1 0.27968750000000003 0.271875 0.2171875 0.271875 0.21718750000000003 0.4578125 0.2796875000000001 0.4578125
1 0.26250000000000007 0.2796875 0.16718750000000004 0.2796875 0.16718750000000004 0.465625 0.26250000000000007 0.465625
1 0.22343750000000004 0.2984375 0.17031250000000003 0.2984375 0.17031250000000003 0.4625 0.2234375000000001 0.4625
1 0.775 0.30937500000000007 0.721875 0.30937500000000007 0.721875 0.5046875000000001 0.775 0.5046875000000002
1 0.7265625 0.32500000000000007 0.678125 0.32500000000000007 0.678125 0.4953125000000001 0.7265625 0.49531250000000016
1 0.10781250000000006 0.4109375 0.05468750000000004 0.4109375 0.054687500000000056 0.584375 0.10781250000000009 0.584375
1 0.06718750000000005 0.4203125 0.01562500000000005 0.4203125 0.015625000000000062 0.590625 0.06718750000000007 0.590625
1 0.421875 0.4921875 0.36406250000000007 0.4921875 0.36406250000000007 0.5515625 0.421875 0.5515625
1 0.2000000000000001 0.4234375 0.13906250000000003 0.4234375 0.13906250000000006 0.634375 0.2000000000000001 0.634375
1 0.2765625000000001 0.4453125 0.22031250000000008 0.4453125 0.22031250000000008 0.6234375 0.2765625000000001 0.6234375
1 0.878125 0.4671875000000002 0.8078125 0.4671875000000002 0.8078125 0.6890625000000001 0.878125 0.6890625000000001
1 0.653125 0.5 0.53125 0.5 0.53125 0.6671875 0.653125 0.6671875
1 0.925 0.47968750000000016 0.86875 0.47968750000000016 0.86875 0.6953125000000002 0.925 0.6953125000000002
1 0.534375 0.5203125 0.4734375 0.5203125 0.4734375 0.696875 0.534375 0.696875
1 0.85 0.6328125000000002 0.76875 0.6328125000000002 0.76875 0.9171875 0.85 0.9171875
1 0.7781250000000001 0.6468750000000001 0.721875 0.646875 0.721875 0.909375 0.7781250000000002 0.909375
1 0.96875 0.6562500000000002 0.88125 0.6562500000000002 0.88125 0.925 0.96875 0.925
1 0.5000000000000001 0.684375 0.4234375 0.684375 0.4234375000000001 0.953125 0.5000000000000002 0.953125
1 0.215625 0.03906250000000002 0.178125 0.03906250000000002 0.178125 0.14218750000000002 0.215625 0.14218750000000005
1 0.2921875 0.08593750000000003 0.2578125 0.08593750000000003 0.2578125 0.15156250000000004 0.2921875 0.15156250000000004
1 0.6484375 0.09218750000000007 0.615625 0.09218750000000006 0.615625 0.19531250000000008 0.6484375 0.19531250000000008
1 0.2453125 0.13281250000000006 0.21875 0.13281250000000006 0.21875 0.2421875 0.2453125 0.2421875