1 0.7046875 0.1453125000000001 0.665625 0.1453125000000001 0.665625 0.2796875000000001 0.7046875 0.2796875000000001
1 0.7046875 0.14062500000000008 0.625 0.14062500000000008 0.625 0.2890625000000001 0.7046875 0.2890625000000001
1 0.659375 0.1453125000000001 0.6203125 0.1453125000000001 0.6203125 0.28593750000000007 0.659375 0.28593750000000007
1 0.73125 0.1546875000000001 0.6953125 0.1546875000000001 0.6953125 0.2875000000000001 0.73125 0.2875000000000001
1 0.63125 0.1546875000000001 0.5921875 0.1546875000000001 0.5921875 0.2953125000000001 0.63125 0.2953125000000001
1 0.25781250000000006 0.29375 0.2078125 0.29375 0.20781250000000004 0.4625 0.2578125000000001 0.4625
1 0.421875 0.490625 0.36406250000000007 0.490625 0.36406250000000007 0.553125 0.421875 0.553125
1 0.646875 0.5078125 0.528125 0.5078125 0.528125 0.653125 0.646875 0.653125
1 0.8984375 0.4750000000000002 0.8421875 0.4750000000000002 0.8421875 0.6937500000000002 0.8984375 0.6937500000000002
1 0.5359375 0.51875 0.471875 0.51875 0.471875 0.69375 0.5359375 0.69375
1 0.9359375 0.5078125000000002 0.875 0.5078125000000002 0.875 0.7328125000000002 0.9359375 0.7328125000000002
1 0.803125 0.5671875000000001 0.7234375 0.5671875 0.7234375000000001 0.8109375 0.803125 0.8109375
1 0.7265625000000001 0.5734375 0.653125 0.5734375 0.6531250000000001 0.8125 0.7265625000000002 0.8125
1 0.5234375000000001 0.6359375 0.4453125 0.6359375 0.4453125000000001 0.8921875 0.5234375000000002 0.8921875
1 0.30156250000000007 0.7640625 0.2328125000000001 0.7640625 0.2328125000000001 1 0.30156250000000007 1
1 0.21875 0.06093750000000002 0.1921875 0.06093750000000002 0.1921875 0.14531250000000004 0.21875 0.14531250000000004
1 0.290625 0.08593750000000003 0.265625 0.08593750000000003 0.265625 0.14687500000000003 0.290625 0.14687500000000003
1 0.3359375 0.08750000000000005 0.30625 0.08750000000000005 0.30625 0.15156250000000004 0.3359375 0.15156250000000004
1 0.259375 0.09531250000000002 0.2328125 0.09531250000000002 0.2328125 0.15468750000000003 0.259375 0.15468750000000003
1 0.771875 0.11562500000000009 0.7453125 0.11562500000000009 0.7453125 0.2171875000000001 0.771875 0.2171875000000001
1 0.75 0.12031250000000009 0.71875 0.12031250000000009 0.71875 0.2218750000000001 0.75 0.2218750000000001