1 0.6515625 0.1625000000000001 0.615625 0.1625000000000001 0.615625 0.28593750000000007 0.6515625 0.28593750000000007
1 0.6875 0.1625000000000001 0.6453125 0.1625000000000001 0.6453125 0.2953125000000001 0.6875 0.2953125000000001
1 0.340625 0.19375000000000003 0.3109375 0.19375000000000003 0.3109375 0.3 0.340625 0.3
1 0.3078125 0.18906250000000005 0.26875 0.18906250000000005 0.26875 0.3140625 0.3078125 0.3140625
1 0.809375 0.19687500000000008 0.759375 0.19687500000000008 0.759375 0.34062500000000007 0.809375 0.34062500000000007
1 0.8140625 0.18125000000000008 0.784375 0.18125000000000008 0.784375 0.3625000000000001 0.8140625 0.3625000000000001
1 0.634375 0.4890625 0.5296875 0.4890625 0.5296875 0.6625 0.634375 0.6625
1 0.534375 0.515625 0.4734375 0.515625 0.4734375 0.696875 0.534375 0.696875
1 0.8484375 0.4937500000000002 0.7828125 0.4937500000000002 0.7828125000000001 0.7562500000000002 0.8484375 0.7562500000000002
1 0.784375 0.4984375000000001 0.70625 0.4984375 0.70625 0.7609375 0.7843750000000002 0.7609375000000002
1 0.846875 0.48906250000000007 0.709375 0.4890625 0.7093750000000001 0.76875 0.846875 0.7687500000000002
1 0.9046875 0.5203125000000002 0.8421875 0.5203125000000002 0.8421875 0.7609375000000002 0.9046875 0.7609375000000002
1 0.721875 0.55 0.6484375 0.55 0.6484375000000001 0.8 0.7218750000000002 0.8
1 0.48125000000000007 0.665625 0.4265625 0.665625 0.42656250000000007 0.790625 0.4812500000000002 0.790625
1 0.49531250000000016 0.728125 0.41406250000000017 0.728125 0.41406250000000017 1 0.49531250000000016 1
1 0.6578125000000001 0.803125 0.5609375000000002 0.803125 0.5609375000000002 1 0.6578125000000001 1
1 0.7578125000000002 0.8640625 0.6687500000000002 0.8640625 0.6687500000000002 1 0.7578125000000002 1
1 0.290625 0.08750000000000004 0.265625 0.08750000000000002 0.265625 0.14531250000000004 0.290625 0.14531250000000004
1 0.2609375 0.09843750000000002 0.234375 0.09843750000000002 0.234375 0.2015625 0.2609375 0.2015625