1 0.38125 0.20625000000000004 0.328125 0.20625 0.328125 0.3375 0.38125 0.3375000000000001
1 0.28125 0.2046875 0.2421875 0.2046875 0.2421875 0.346875 0.28125 0.346875
1 0.3359375 0.2125 0.3 0.2125 0.3 0.34375 0.3359375 0.34375
1 0.2375 0.225 0.2015625 0.225 0.2015625 0.35625 0.2375 0.35625
1 0.6890625 0.24218750000000008 0.646875 0.24218750000000008 0.646875 0.3500000000000001 0.6890625 0.3500000000000001
1 0.22812500000000008 0.3828125 0.17031250000000003 0.3828125 0.17031250000000006 0.5671875 0.22812500000000008 0.5671875
1 0.6546875 0.4875 0.53125 0.4875 0.53125 0.6640625 0.6546875 0.6640625
1 0.609375 0.528125 0.5171875 0.528125 0.5171875 0.6796875 0.609375 0.6796875
1 0.534375 0.5203125 0.4734375 0.5203125 0.4734375 0.6984375 0.534375 0.6984375
1 0.08593750000000008 0.503125 6.161504208210122e-17 0.503125 7.730582919617668e-17 0.759375 0.08593750000000008 0.759375
1 0.2421875 0.043750000000000025 0.2078125 0.043750000000000025 0.2078125 0.10625000000000004 0.2421875 0.10625000000000004
1 0.5078125000000001 0.66875 0.403125 0.66875 0.40312500000000007 0.95625 0.5078125000000002 0.95625
1 0.9328125 0.7375000000000002 0.840625 0.7375000000000002 0.840625 1 0.9328125 1
1 0.6859375 0.07343750000000009 0.659375 0.07343750000000009 0.659375 0.1546875000000001 0.6859375 0.1546875000000001
1 0.290625 0.08750000000000004 0.2609375 0.08750000000000002 0.2609375 0.15000000000000005 0.290625 0.15000000000000005
1 0.34375 0.08281250000000004 0.3125 0.08281250000000004 0.3125 0.19218750000000004 0.34375 0.19218750000000004
1 0.19375000000000003 0.10000000000000002 0.1734375 0.1 0.17343750000000002 0.19531250000000003 0.19375000000000003 0.19531250000000006
1 0.17031250000000003 0.1171875 0.153125 0.1171875 0.153125 0.1859375 0.17031250000000003 0.1859375
1 0.7515625 0.10937500000000008 0.7125 0.10937500000000008 0.7125 0.2218750000000001 0.7515625 0.2218750000000001
1 0.2640625 0.07968750000000002 0.21875 0.07968750000000002 0.21875 0.2515625 0.2640625 0.2515625
1 0.634375 0.10468750000000009 0.5875 0.10468750000000009 0.5875 0.2515625000000001 0.634375 0.2515625000000001