1 0.30625 0.17500000000000004 0.2640625 0.17500000000000004 0.2640625 0.2921875 0.30625 0.2921875
1 0.7125 0.1687500000000001 0.6765625 0.1687500000000001 0.6765625 0.3046875000000001 0.7125 0.3046875000000001
1 0.7671875 0.18125000000000008 0.728125 0.18125000000000008 0.728125 0.3062500000000001 0.7671875 0.3062500000000001
1 0.3359375 0.2296875 0.2984375 0.2296875 0.2984375 0.3046875 0.3359375 0.3046875
1 0.45 0.2796875000000001 0.396875 0.2796875000000001 0.39687500000000003 0.4609375 0.45 0.4609375
1 0.421875 0.2953125000000001 0.3734375 0.2953125000000001 0.37343750000000003 0.4734375 0.421875 0.4734375
1 0.37968750000000007 0.30000000000000004 0.3296875 0.3 0.3296875 0.4765625 0.37968750000000007 0.4765625
1 0.17187500000000006 0.340625 0.12031250000000004 0.340625 0.12031250000000004 0.440625 0.17187500000000006 0.440625
1 0.2828125 0.3078125 0.234375 0.3078125 0.23437500000000006 0.475 0.2828125000000001 0.475
1 0.7703125 0.3140625000000001 0.703125 0.3140625000000001 0.703125 0.4859375000000001 0.7703125 0.4859375000000002
1 0.12187500000000007 0.38125 0.06875000000000005 0.38125 0.06875000000000006 0.5515625 0.1218750000000001 0.5515625
1 0.17343750000000008 0.4046875 0.12812500000000004 0.4046875 0.12812500000000007 0.59375 0.17343750000000008 0.59375
1 0.2531250000000001 0.4078125 0.18750000000000006 0.4078125 0.18750000000000006 0.6 0.2531250000000001 0.6
1 0.40625 0.4828125 0.3687500000000001 0.4828125 0.3687500000000001 0.55 0.40625 0.55
1 0.4171875 0.509375 0.3937500000000001 0.509375 0.3937500000000001 0.553125 0.4171875 0.553125
1 0.375 0.026562500000000044 0.3515625 0.026562500000000044 0.3515625 0.08750000000000005 0.375 0.08750000000000005
1 0.5375 0.5171875 0.46875 0.5171875 0.46875 0.7015625 0.5375 0.7015625
1 0.08125000000000007 0.6 0.01718750000000007 0.6 0.017187500000000085 0.8125 0.08125000000000009 0.8125
1 0.25468750000000007 0.6890625 0.18750000000000008 0.6890625 0.1875000000000001 0.9375 0.25468750000000007 0.9375
1 0.2375000000000001 0.696875 0.1437500000000001 0.696875 0.1437500000000001 1 0.2375000000000001 1
1 0.203125 0.06718750000000002 0.1734375 0.06718750000000002 0.1734375 0.13125000000000003 0.203125 0.13125000000000003
1 0.6890625 0.10156250000000008 0.65625 0.10156250000000008 0.65625 0.1937500000000001 0.6890625 0.1937500000000001
1 0.759375 0.11250000000000009 0.7265625 0.11250000000000009 0.7265625 0.2000000000000001 0.759375 0.2000000000000001
1 0.3078125 0.10156250000000004 0.275 0.10156250000000004 0.275 0.2109375 0.3078125 0.2109375
1 0.2265625 0.10781250000000005 0.190625 0.10781250000000005 0.19062500000000002 0.2140625 0.2265625 0.2140625
1 0.3546875 0.10937500000000004 0.315625 0.10937500000000004 0.315625 0.221875 0.3546875 0.221875