1 0.8359375 0.22812500000000008 0.7859375 0.22812500000000008 0.7859375 0.3781250000000001 0.8359375 0.3781250000000001
1 0.58125 0.4640625 0.5515625 0.4640625 0.5515625 0.5234375 0.58125 0.5234375
1 0.421875 0.4921875 0.36406250000000007 0.4921875 0.36406250000000007 0.5515625 0.421875 0.5515625
1 0.65625 0.525 0.575 0.525 0.575 0.6453125 0.65625 0.6453125
1 0.534375 0.5171875 0.4734375 0.5171875 0.4734375 0.696875 0.534375 0.696875
1 0.903125 0.6937500000000002 0.8203125 0.6937500000000002 0.8203125 0.9734375 0.903125 0.9734375
1 0.821875 0.7140625000000002 0.7359375 0.7140625000000002 0.7359375000000001 0.9859375 0.821875 0.9859375
1 0.4921875000000001 0.721875 0.4046875 0.721875 0.4046875000000001 1 0.49218750000000017 1
1 0.2140625 0.03906250000000002 0.18125 0.03906250000000002 0.18125 0.1375 0.2140625 0.13750000000000004
1 0.2921875 0.08593750000000003 0.2671875 0.08593750000000003 0.2671875 0.14531250000000004 0.2921875 0.14531250000000004
1 0.6234375 0.09531250000000006 0.596875 0.09531250000000006 0.596875 0.14218750000000008 0.6234375 0.14218750000000008
1 0.334375 0.08750000000000005 0.303125 0.08750000000000005 0.303125 0.15468750000000003 0.334375 0.15468750000000003
1 0.6375 0.11562500000000009 0.5984375 0.11562500000000009 0.5984375 0.2156250000000001 0.6375 0.2156250000000001