1 0.7234375 0.1750000000000001 0.6828125 0.1750000000000001 0.6828125 0.3203125000000001 0.7234375 0.3203125000000001
1 0.6859375 0.17343750000000008 0.6453125 0.17343750000000008 0.6453125 0.3281250000000001 0.6859375 0.3281250000000001
1 0.6578125 0.1859375000000001 0.6171875 0.1859375000000001 0.6171875 0.3312500000000001 0.6578125 0.3312500000000001
1 0.7640625 0.18750000000000008 0.7234375 0.18750000000000008 0.7234375 0.3359375000000001 0.7640625 0.3359375000000001
1 0.28437500000000004 0.225 0.2375 0.225 0.23750000000000004 0.36875 0.2843750000000001 0.36875
1 0.896875 0.3890625000000001 0.8546875 0.3890625000000001 0.8546875 0.49218750000000017 0.896875 0.49218750000000017
1 0.559375 0.4421875 0.5265625 0.4421875 0.5265625 0.5015625 0.559375 0.5015625
1 0.6078125 0.471875 0.55 0.471875 0.55 0.565625 0.6078125 0.565625
1 0.421875 0.490625 0.3656250000000001 0.490625 0.3656250000000001 0.553125 0.421875 0.553125
1 0.921875 0.4281250000000002 0.85625 0.4281250000000002 0.85625 0.6468750000000002 0.921875 0.6468750000000002
1 0.8125 0.43750000000000017 0.7453125 0.43750000000000017 0.7453125 0.6687500000000002 0.8125 0.6687500000000002
1 0.74375 0.4468750000000001 0.6796875 0.446875 0.6796875 0.6656250000000001 0.74375 0.6656250000000001
1 0.634375 0.5015625 0.53125 0.5015625 0.53125 0.675 0.634375 0.675
1 0.534375 0.5171875 0.4734375 0.5171875 0.4734375 0.684375 0.534375 0.684375
1 0.5000000000000001 0.6296875 0.4359375 0.6296875 0.4359375000000001 0.8578125 0.5000000000000002 0.8578125
1 0.2296875000000001 0.7953125 0.15000000000000008 0.7953125 0.1500000000000001 0.9984375 0.2296875000000001 0.9984375
1 0.2171875 0.06718750000000002 0.196875 0.06718750000000002 0.196875 0.14375000000000004 0.2171875 0.14375000000000004
1 0.290625 0.08750000000000004 0.2671875 0.08750000000000002 0.2671875 0.14375000000000004 0.290625 0.14375000000000004
1 0.2734375 0.08750000000000004 0.25625 0.08750000000000002 0.25625 0.14531250000000004 0.2734375 0.14531250000000004
1 0.334375 0.08750000000000005 0.30625 0.08750000000000005 0.30625 0.15468750000000003 0.334375 0.15468750000000003
1 0.74375 0.1281250000000001 0.7125 0.1281250000000001 0.7125 0.20312500000000008 0.74375 0.20312500000000008
1 0.7734375 0.12500000000000008 0.7421875 0.12500000000000008 0.7421875 0.2234375000000001 0.7734375 0.2234375000000001