1 0.7046875 0.1984375000000001 0.665625 0.1984375000000001 0.665625 0.3375000000000001 0.7046875 0.3375000000000001
1 0.409375 0.471875 0.3734375000000001 0.471875 0.3734375000000001 0.528125 0.409375 0.528125
1 0.4265625 0.509375 0.3906250000000001 0.509375 0.3906250000000001 0.559375 0.4265625 0.559375
1 0.65625 0.48125 0.5484375 0.48125 0.5484375 0.65625 0.65625 0.65625
1 0.5359375 0.5171875 0.4734375 0.5171875 0.4734375 0.6953125 0.5359375 0.6953125
1 0.4859375000000001 0.665625 0.428125 0.665625 0.4281250000000001 0.7953125 0.4859375000000002 0.7953125
1 0.5250000000000001 0.725 0.4296875 0.725 0.4296875000000001 1 0.5250000000000001 1
1 0.225 0.06250000000000003 0.2 0.06250000000000003 0.2 0.14375000000000004 0.225 0.14375000000000004
1 0.290625 0.08593750000000003 0.2671875 0.08593750000000003 0.2671875 0.14687500000000003 0.290625 0.14687500000000003
1 0.2796875 0.08750000000000004 0.2546875 0.08750000000000002 0.2546875 0.14843750000000006 0.2796875 0.14843750000000006
1 0.334375 0.08750000000000005 0.30625 0.08750000000000005 0.30625 0.15625000000000006 0.334375 0.15625000000000006
1 0.65625 0.12031250000000009 0.628125 0.12031250000000009 0.628125 0.1984375000000001 0.65625 0.1984375000000001