1 0.4390625 0.2500000000000001 0.39375 0.2500000000000001 0.39375000000000004 0.4046875 0.4390625 0.4046875
1 0.26250000000000007 0.25 0.2203125 0.25 0.22031250000000005 0.4328125 0.26250000000000007 0.4328125
1 0.22968750000000004 0.284375 0.17656250000000004 0.284375 0.17656250000000004 0.453125 0.2296875000000001 0.453125
1 0.3140625 0.2859375 0.2671875 0.2859375 0.2671875 0.4671875 0.3140625000000001 0.4671875
1 0.2078125000000001 0.40625 0.15468750000000003 0.40625 0.15468750000000006 0.5984375 0.2078125000000001 0.5984375
1 0.2765625000000001 0.4046875 0.2078125000000001 0.4046875 0.2078125000000001 0.6109375 0.2765625000000001 0.6109375
1 0.4234375 0.50625 0.3984375000000001 0.50625 0.3984375000000001 0.5515625 0.4234375 0.5515625
1 0.8015625 0.4296875000000001 0.725 0.4296875 0.725 0.6390625000000001 0.8015625 0.6390625000000002
1 0.5375 0.5203125 0.471875 0.5203125 0.471875 0.696875 0.5375 0.696875
1 0.06718750000000008 0.525 0.003125000000000064 0.525 0.003125000000000077 0.7421875 0.0671875000000001 0.7421875
1 0.12343750000000006 0.5328125 0.05468750000000007 0.5328125 0.054687500000000076 0.7609375 0.12343750000000009 0.7609375
1 0.2500000000000001 0.6734375 0.1828125000000001 0.6734375 0.1828125000000001 0.95 0.2500000000000001 0.95
1 0.2375000000000001 0.703125 0.1437500000000001 0.703125 0.1437500000000001 0.996875 0.2375000000000001 0.996875
1 0.6875 0.09218750000000009 0.653125 0.09218750000000009 0.653125 0.1671875000000001 0.6875 0.1671875000000001
1 0.228125 0.10625000000000004 0.190625 0.10625000000000004 0.19062500000000002 0.26875 0.228125 0.26875
1 0.6875 0.1437500000000001 0.6515625 0.1437500000000001 0.6515625 0.26250000000000007 0.6875 0.26250000000000007
1 0.7625 0.14843750000000008 0.728125 0.14843750000000008 0.728125 0.2656250000000001 0.7625 0.2656250000000001