1 0.35625 0.17031250000000003 0.3125 0.17031250000000003 0.3125 0.278125 0.35625 0.278125
1 0.25625 0.19218750000000004 0.2265625 0.19218750000000004 0.2265625 0.2859375 0.25625 0.2859375
1 0.3078125 0.2 0.26875 0.2 0.26875 0.3109375 0.3078125 0.3109375
1 0.7375 0.2140625000000001 0.6921875 0.2140625000000001 0.6921875 0.3734375000000001 0.7375 0.3734375000000001
1 0.8234375 0.2390625000000001 0.78125 0.2390625000000001 0.78125 0.3906250000000001 0.8234375 0.3906250000000001
1 0.28593750000000007 0.2484375 0.2359375 0.2484375 0.23593750000000005 0.4140625 0.28593750000000007 0.4140625
1 0.37187500000000007 0.31250000000000006 0.309375 0.3125 0.30937500000000007 0.5 0.37187500000000007 0.5
1 0.2406250000000001 0.3734375 0.18593750000000003 0.3734375 0.18593750000000003 0.5078125 0.2406250000000001 0.5078125
1 0.421875 0.4921875 0.3609375000000001 0.4921875 0.3609375000000001 0.5546875 0.421875 0.5546875
1 0.2375000000000001 0.4328125 0.17187500000000006 0.4328125 0.17187500000000006 0.6234375 0.2375000000000001 0.6234375
1 0.06718750000000007 0.41875 0.01406250000000005 0.41875 0.014062500000000065 0.64375 0.0671875000000001 0.64375
1 0.17812500000000006 0.459375 0.12031250000000004 0.459375 0.12031250000000007 0.6703125 0.1781250000000001 0.6703125
1 0.12343750000000006 0.465625 0.06406250000000006 0.465625 0.06406250000000008 0.6765625 0.12343750000000009 0.6765625
1 0.5375 0.5203125 0.4703125 0.5203125 0.4703125 0.7015625 0.5375 0.7015625
1 0.2468750000000001 0.6953125 0.18750000000000008 0.6953125 0.1875000000000001 0.9296875 0.2468750000000001 0.9296875
1 0.23593750000000008 0.69375 0.1453125000000001 0.69375 0.14531250000000012 1 0.23593750000000008 1
1 0.2125 0.06093750000000002 0.1890625 0.06093750000000002 0.1890625 0.14531250000000004 0.2125 0.14531250000000004
1 0.321875 0.07343750000000004 0.2953125 0.07343750000000004 0.2953125 0.14843750000000006 0.321875 0.14843750000000006
1 0.2921875 0.09375000000000003 0.2609375 0.09375000000000003 0.2609375 0.17500000000000004 0.2921875 0.17500000000000004
1 0.6828125 0.10468750000000009 0.653125 0.10468750000000009 0.653125 0.1984375000000001 0.6828125 0.1984375000000001
1 0.7390625 0.11718750000000008 0.6984375 0.11718750000000008 0.6984375 0.19531250000000008 0.7390625 0.19531250000000008
1 0.31875 0.14687500000000003 0.28125 0.14687500000000003 0.28125 0.209375 0.31875 0.209375
1 0.6265625 0.1390625000000001 0.59375 0.1390625000000001 0.59375 0.2484375000000001 0.6265625 0.2484375000000001