1 0.3328125 0.15468750000000003 0.290625 0.15468750000000003 0.290625 0.28125 0.3328125 0.28125
1 0.39843750000000006 0.16718750000000004 0.334375 0.16718750000000004 0.33437500000000003 0.37968750000000007 0.3984375000000001 0.37968750000000007
1 0.30000000000000004 0.2046875 0.2578125 0.2046875 0.25781250000000006 0.3640625 0.3000000000000001 0.3640625
1 0.7 0.21875000000000008 0.65625 0.21875000000000008 0.65625 0.3578125000000001 0.7 0.3578125000000001
1 0.753125 0.2796875000000001 0.69375 0.2796875000000001 0.69375 0.4562500000000001 0.753125 0.45625000000000016
1 0.825 0.3140625000000001 0.7734375 0.3140625000000001 0.7734375 0.5046875000000002 0.825 0.5046875000000002
1 0.8765625 0.3343750000000001 0.8234375 0.3343750000000001 0.8234375 0.5140625000000002 0.8765625 0.5140625000000002
1 0.403125 0.4796875 0.3843750000000001 0.4796875 0.3843750000000001 0.5578125 0.403125 0.5578125
1 0.425 0.50625 0.3859375000000001 0.50625 0.3859375000000001 0.5640625 0.425 0.5640625
1 0.10937500000000007 0.4453125 0.05625000000000004 0.4453125 0.056250000000000064 0.64375 0.10937500000000008 0.64375
1 0.15937500000000007 0.4453125 0.10312500000000005 0.4453125 0.10312500000000006 0.6453125 0.1593750000000001 0.6453125
1 0.5375 0.5171875 0.471875 0.5171875 0.471875 0.7015625 0.5375 0.7015625
1 0.0718750000000001 0.6546875 8.017609513167828e-17 0.6546875 9.797174393178826e-17 0.9453125 0.0718750000000001 0.9453125
1 0.24375000000000008 0.7 0.1843750000000001 0.7 0.18437500000000012 0.9359375 0.24375000000000008 0.9359375
1 0.24375 0.04218750000000003 0.21875 0.042187500000000024 0.21875 0.12500000000000006 0.24375 0.12500000000000006
1 0.2406250000000001 0.7 0.14843750000000008 0.7 0.1484375000000001 1 0.2406250000000001 1
1 0.21875 0.043750000000000025 0.19375 0.043750000000000025 0.19375 0.12968750000000004 0.21875 0.12968750000000004
1 0.6875 0.10468750000000009 0.6578125 0.10468750000000009 0.6578125 0.2000000000000001 0.6875 0.2000000000000001
1 0.25 0.13281250000000006 0.215625 0.13281250000000006 0.215625 0.20625 0.25 0.20625
1 0.753125 0.12343750000000009 0.6875 0.12343750000000009 0.6875 0.2234375000000001 0.753125 0.2234375000000001
1 0.2203125 0.14375000000000004 0.190625 0.14375000000000004 0.19062500000000002 0.25 0.2203125 0.25