1 0.23593750000000005 0.3421875 0.17343750000000005 0.3421875 0.17343750000000005 0.5125 0.23593750000000008 0.5125
1 0.41875 0.490625 0.3656250000000001 0.490625 0.3656250000000001 0.5515625 0.41875 0.5515625
1 0.5765625 0.4890625 0.5265625 0.4890625 0.5265625 0.6125 0.5765625 0.6125
1 0.6546875 0.5125 0.5640625 0.5125 0.5640625 0.6421875 0.6546875 0.6421875
1 0.534375 0.51875 0.4734375 0.51875 0.4734375 0.69375 0.534375 0.69375
1 0.89375 0.5015625000000001 0.8296875 0.5015625000000001 0.8296875 0.7234375000000002 0.89375 0.7234375000000002
1 0.9703125 0.5265625000000002 0.88125 0.5265625000000002 0.88125 0.7609375000000002 0.9703125 0.7609375000000002
1 0.5046875000000001 0.6546875 0.43125 0.6546875 0.4312500000000001 0.896875 0.5046875000000002 0.896875
1 0.7046875000000001 0.6484375 0.625 0.6484375 0.6250000000000001 0.9078125 0.7046875000000001 0.9078125
1 0.7921875 0.6546875000000001 0.703125 0.6546875 0.7031250000000001 0.915625 0.7921875000000002 0.915625
1 0.2171875 0.059375000000000025 0.190625 0.059375000000000025 0.190625 0.14062500000000006 0.2171875 0.14062500000000006
1 0.2796875 0.08906250000000003 0.2578125 0.08906250000000002 0.2578125 0.14687500000000003 0.2796875 0.14687500000000003
1 0.3359375 0.08750000000000005 0.3078125 0.08750000000000005 0.3078125 0.15468750000000003 0.3359375 0.15468750000000003
1 0.7671875 0.11875000000000009 0.7375 0.11875000000000009 0.7375 0.2140625000000001 0.7671875 0.2140625000000001
1 0.684375 0.1312500000000001 0.646875 0.1312500000000001 0.646875 0.26250000000000007 0.684375 0.26250000000000007
1 0.7234375 0.1281250000000001 0.6453125 0.1281250000000001 0.6453125 0.2656250000000001 0.7234375 0.2656250000000001
1 0.640625 0.13437500000000008 0.603125 0.13437500000000008 0.603125 0.2609375000000001 0.640625 0.2609375000000001
1 0.725 0.1375000000000001 0.690625 0.1375000000000001 0.690625 0.26250000000000007 0.725 0.26250000000000007
1 0.6078125 0.1359375000000001 0.571875 0.1359375000000001 0.571875 0.2687500000000001 0.6078125 0.2687500000000001