1 0.7109375 0.1828125000000001 0.6734375 0.1828125000000001 0.6734375 0.2531250000000001 0.7109375 0.2531250000000001
1 0.853125 0.1437500000000001 0.8203125 0.1437500000000001 0.8203125 0.3000000000000001 0.853125 0.3000000000000001
1 0.3171875 0.17500000000000004 0.2765625 0.17500000000000004 0.2765625 0.3125 0.3171875 0.3125
1 0.2859375 0.17812500000000003 0.246875 0.17812500000000003 0.246875 0.309375 0.2859375 0.309375
1 0.74375 0.27031250000000007 0.690625 0.27031250000000007 0.690625 0.4484375000000001 0.74375 0.44843750000000016
1 0.69375 0.28593750000000007 0.65 0.28593750000000007 0.65 0.4515625 0.69375 0.4515625
1 0.27968750000000003 0.3046875 0.2203125 0.3046875 0.22031250000000005 0.5015625 0.2796875000000001 0.5015625
1 0.21718750000000003 0.321875 0.16718750000000004 0.321875 0.16718750000000004 0.5015625 0.2171875000000001 0.5015625
1 0.15000000000000005 0.3671875 0.10000000000000005 0.3671875 0.10000000000000005 0.5234375 0.15000000000000005 0.5234375
1 0.10625000000000004 0.3703125 0.06250000000000004 0.3703125 0.06250000000000006 0.5421875 0.10625000000000004 0.5421875
1 0.41875 0.49375 0.36406250000000007 0.49375 0.36406250000000007 0.5515625 0.41875 0.5515625
1 0.65625 0.4953125 0.5265625 0.4953125 0.5265625 0.6640625 0.65625 0.6640625
1 0.2390625000000001 0.490625 0.17656250000000004 0.490625 0.17656250000000007 0.6921875 0.2390625000000001 0.6921875
1 0.14843750000000006 0.4765625 0.08437500000000006 0.4765625 0.08437500000000007 0.709375 0.14843750000000008 0.709375
1 0.5328125 0.51875 0.471875 0.51875 0.471875 0.6859375 0.5328125 0.6859375
1 0.8328125 0.5390625000000002 0.76875 0.5390625000000002 0.76875 0.7578125000000002 0.8328125 0.7578125000000002
1 0.89375 0.5500000000000002 0.828125 0.5500000000000002 0.828125 0.7953125000000002 0.89375 0.7953125000000002
1 0.06406250000000009 0.5609375 6.869503138967185e-17 0.5609375 8.562960040913134e-17 0.8375 0.0640625000000001 0.8375
1 0.959375 0.6531250000000002 0.875 0.6531250000000002 0.875 0.9265625 0.959375 0.9265625
1 0.2265625 0.043750000000000025 0.19375 0.043750000000000025 0.19375 0.11718750000000004 0.2265625 0.11718750000000004
1 0.5078125000000001 0.68125 0.43125 0.68125 0.4312500000000001 0.9546875 0.5078125000000002 0.9546875
1 0.8453125 0.7343750000000002 0.7578125000000002 0.7343750000000002 0.7578125000000002 0.996875 0.8453125 0.996875
1 0.7328125000000002 0.7406250000000001 0.6500000000000001 0.740625 0.6500000000000001 1 0.7328125000000002 1
1 0.2375 0.07968750000000002 0.215625 0.07968750000000002 0.215625 0.13125000000000003 0.2375 0.13125000000000003
1 0.290625 0.08593750000000003 0.259375 0.08593750000000003 0.259375 0.15000000000000005 0.290625 0.15000000000000005
1 0.6859375 0.09531250000000009 0.65625 0.09531250000000009 0.65625 0.19531250000000008 0.6859375 0.19531250000000008
1 0.2296875 0.11406250000000004 0.2 0.11406250000000004 0.2 0.221875 0.2296875 0.221875
1 0.3484375 0.12343750000000005 0.3234375 0.12343750000000005 0.3234375 0.2140625 0.3484375 0.2140625