1 0.6734375 0.1687500000000001 0.653125 0.1687500000000001 0.653125 0.31718750000000007 0.6734375 0.31718750000000007
1 0.7109375 0.1750000000000001 0.66875 0.1750000000000001 0.66875 0.3109375000000001 0.7109375 0.3109375000000001
1 0.225 0.20625 0.18281250000000004 0.20625 0.18281250000000004 0.3609375 0.225 0.3609375
1 0.31718750000000007 0.2296875 0.26875 0.2296875 0.26875000000000004 0.3890625 0.31718750000000007 0.3890625
1 0.3609375 0.2359375 0.321875 0.2359375 0.321875 0.4015625 0.3609375000000001 0.4015625
1 0.2828125 0.2453125 0.2328125 0.2453125 0.23281250000000003 0.4296875 0.2828125000000001 0.4296875
1 0.6890625 0.3359375000000001 0.6109375 0.3359375000000001 0.6109375 0.55 0.6890625 0.55
1 0.615625 0.3468750000000001 0.5640625 0.3468750000000001 0.5640625 0.553125 0.615625 0.553125
1 0.428125 0.5046875 0.3921875000000001 0.5046875 0.3921875000000001 0.5578125 0.428125 0.5578125
1 0.3890625 0.025000000000000043 0.365625 0.025000000000000043 0.365625 0.09843750000000004 0.3890625 0.09843750000000004
1 0.5546875 0.5078125 0.4734375 0.5078125 0.4734375 0.7046875 0.5546875 0.7046875
1 0.828125 0.4906250000000002 0.7765625 0.4906250000000002 0.7765625 0.7343750000000002 0.828125 0.7343750000000002
1 0.896875 0.5109375000000002 0.8421875 0.5109375000000002 0.8421875 0.7640625000000002 0.896875 0.7640625000000002
1 0.3734375 0.035937500000000046 0.35 0.035937500000000046 0.35 0.10000000000000005 0.3734375 0.10000000000000005
1 0.19531250000000008 0.60625 0.1359375000000001 0.60625 0.1359375000000001 0.7359375 0.19531250000000008 0.7359375
1 0.7937500000000001 0.5578125 0.7140625 0.5578125 0.7140625 0.81875 0.7937500000000002 0.81875
1 0.6765625000000001 0.56875 0.6171875 0.56875 0.6171875000000001 0.8625 0.6765625000000002 0.8625
1 0.2406250000000001 0.6875 0.1750000000000001 0.6875 0.1750000000000001 0.95 0.2406250000000001 0.95
1 0.2078125000000001 0.70625 0.1359375000000001 0.70625 0.1359375000000001 0.9921875 0.2078125000000001 0.9921875
1 0.315625 0.07031250000000004 0.296875 0.07031250000000004 0.296875 0.12343750000000005 0.315625 0.12343750000000005
1 0.2859375 0.04375000000000003 0.2375 0.04375000000000003 0.2375 0.16875000000000004 0.2859375 0.16875000000000004
1 0.3390625 0.08906250000000004 0.315625 0.08906250000000004 0.315625 0.19375000000000003 0.3390625 0.19375000000000003
1 0.690625 0.09218750000000009 0.646875 0.09218750000000009 0.646875 0.1921875000000001 0.690625 0.1921875000000001
1 0.225 0.10468750000000002 0.1796875 0.1046875 0.17968750000000003 0.2109375 0.225 0.2109375
1 0.74375 0.11093750000000009 0.6890625 0.11093750000000009 0.6890625 0.2140625000000001 0.74375 0.2140625000000001
1 0.309375 0.12656250000000005 0.2734375 0.12656250000000005 0.2734375 0.2359375 0.309375 0.2359375
1 0.24375 0.13906250000000003 0.2109375 0.13906250000000003 0.2109375 0.225 0.24375 0.225
1 0.634375 0.13281250000000008 0.5875 0.13281250000000008 0.5875 0.2687500000000001 0.634375 0.2687500000000001
1 0.665625 0.1375000000000001 0.6296875 0.1375000000000001 0.6296875 0.2640625000000001 0.665625 0.2640625000000001