1 0.340625 0.16093750000000004 0.303125 0.16093750000000004 0.303125 0.2703125 0.340625 0.2703125
1 0.2265625 0.18281250000000004 0.2015625 0.18281250000000004 0.2015625 0.3109375 0.2265625 0.3109375
1 0.28125 0.16718750000000004 0.2375 0.16718750000000004 0.2375 0.34375 0.28125 0.34375
1 0.70625 0.24375000000000008 0.6546875 0.24375000000000008 0.6546875 0.3750000000000001 0.70625 0.3750000000000001
1 0.38593750000000004 0.22968750000000004 0.3296875 0.2296875 0.3296875 0.3921875 0.3859375000000001 0.3921875000000001
1 0.3296875 0.23125 0.290625 0.23125 0.290625 0.3921875 0.3296875000000001 0.3921875
1 0.6609375 0.2656250000000001 0.615625 0.2656250000000001 0.615625 0.4296875 0.6609375 0.4296875
1 0.6265625 0.2656250000000001 0.5796875 0.2656250000000001 0.5796875 0.434375 0.6265625 0.434375
1 0.7328125 0.33281250000000007 0.678125 0.33281250000000007 0.678125 0.5250000000000001 0.7328125 0.5250000000000001
1 0.846875 0.34843750000000007 0.79375 0.34843750000000007 0.79375 0.5531250000000002 0.846875 0.5531250000000002
1 0.440625 0.4421875 0.39531250000000007 0.4421875 0.39531250000000007 0.5078125 0.440625 0.5078125
1 0.903125 0.3906250000000001 0.85 0.3906250000000001 0.85 0.5656250000000002 0.903125 0.5656250000000002
1 0.19218750000000007 0.3921875 0.14062500000000006 0.3921875 0.14062500000000006 0.565625 0.1921875000000001 0.565625
1 0.15156250000000007 0.39375 0.09375000000000004 0.39375 0.09375000000000006 0.5703125 0.1515625000000001 0.5703125
1 0.4359375 0.4984375 0.3937500000000001 0.4984375 0.3937500000000001 0.5609375 0.4359375 0.5609375
1 0.5375 0.5171875 0.471875 0.5171875 0.471875 0.696875 0.5375 0.696875
1 0.23437500000000008 0.690625 0.18906250000000008 0.690625 0.18906250000000008 0.765625 0.23437500000000008 0.765625
1 0.23593750000000008 0.7 0.14843750000000008 0.7 0.1484375000000001 1 0.23593750000000008 1
1 0.228125 0.05468750000000002 0.2015625 0.05468750000000002 0.2015625 0.14218750000000005 0.228125 0.14218750000000005
1 0.2546875 0.057812500000000024 0.228125 0.057812500000000024 0.228125 0.13750000000000004 0.2546875 0.13750000000000004
1 0.209375 0.07968750000000002 0.1765625 0.07968750000000002 0.1765625 0.1453125 0.209375 0.14531250000000004
1 0.3234375 0.07812500000000004 0.2921875 0.07812500000000004 0.2921875 0.15312500000000004 0.3234375 0.15312500000000004
1 0.6828125 0.10468750000000009 0.65625 0.10468750000000009 0.65625 0.1984375000000001 0.6828125 0.1984375000000001
1 0.74375 0.11093750000000009 0.6859375 0.11093750000000009 0.6859375 0.21875000000000008 0.74375 0.21875000000000008