1 0.75 0.1687500000000001 0.7171875 0.1687500000000001 0.7171875 0.2687500000000001 0.75 0.2687500000000001
1 0.8015625 0.1828125000000001 0.7640625 0.1828125000000001 0.7640625 0.3156250000000001 0.8015625 0.3156250000000001
1 0.3578125 0.18906250000000005 0.309375 0.18906250000000005 0.309375 0.3421875 0.3578125 0.3421875
1 0.309375 0.20625 0.2640625 0.20625 0.2640625 0.3421875 0.309375 0.3421875
1 0.7421875 0.2406250000000001 0.7 0.2406250000000001 0.7 0.3343750000000001 0.7421875 0.3343750000000001
1 0.28750000000000003 0.2578125 0.221875 0.2578125 0.22187500000000004 0.428125 0.2875000000000001 0.428125
1 0.21875000000000006 0.2734375 0.16562500000000005 0.2734375 0.16562500000000005 0.4375 0.21875000000000008 0.4375
1 0.25781250000000006 0.35625 0.20625 0.35625 0.20625000000000004 0.5515625 0.2578125000000001 0.5515625
1 0.775 0.3546875000000001 0.71875 0.3546875000000001 0.71875 0.5640625000000001 0.775 0.5640625000000001
1 0.2984375 0.35625 0.2015625 0.35625 0.20156250000000003 0.5765625 0.2984375000000001 0.5765625
1 0.725 0.3765625000000001 0.6734375 0.3765625000000001 0.6734375 0.5625 0.725 0.5625
1 0.3078125000000001 0.384375 0.2593750000000001 0.384375 0.2593750000000001 0.571875 0.3078125000000001 0.571875
1 0.9171875 0.41406250000000017 0.8609375 0.41406250000000017 0.8609375 0.5750000000000002 0.9171875 0.5750000000000002
1 0.8640625 0.4078125000000002 0.803125 0.4078125000000002 0.803125 0.5828125000000002 0.8640625 0.5828125000000002
1 0.17656250000000007 0.4109375 0.10312500000000005 0.4109375 0.10312500000000006 0.65 0.1765625000000001 0.65
1 0.653125 0.478125 0.534375 0.478125 0.534375 0.6515625 0.653125 0.6515625
1 0.534375 0.51875 0.4734375 0.51875 0.4734375 0.6984375 0.534375 0.6984375
1 0.7578125 0.5906250000000001 0.6984375 0.590625 0.6984375 0.721875 0.7578125 0.7218750000000002
1 0.9078125 0.5343750000000002 0.8390625 0.5343750000000002 0.8390625 0.7906250000000001 0.9078125 0.7906250000000001
1 0.8515625 0.5562500000000001 0.790625 0.5562500000000001 0.7906250000000001 0.7937500000000002 0.8515625 0.7937500000000002
1 0.054687500000000076 0.553125 6.773827607783798e-17 0.553125 8.342906319191344e-17 0.809375 0.05468750000000009 0.809375
1 0.48906250000000007 0.6703125 0.4328125 0.6703125 0.4328125000000001 0.790625 0.4890625000000002 0.790625
1 0.9578125 0.6359375000000002 0.875 0.6359375000000002 0.875 0.9078125 0.9578125 0.9078125
1 0.5000000000000002 0.7390625 0.42500000000000016 0.7390625 0.42500000000000016 0.9984375 0.5000000000000002 0.9984375
1 0.2109375 0.059375000000000025 0.1875 0.059375000000000025 0.1875 0.12812500000000004 0.2109375 0.12812500000000004
1 0.3593750000000001 0.8453125 0.2812500000000001 0.8453125 0.2812500000000001 1 0.3593750000000001 1
1 0.60625 0.08125000000000007 0.584375 0.08125000000000007 0.584375 0.1546875000000001 0.60625 0.1546875000000001
1 0.625 0.07656250000000006 0.6078125 0.07656250000000006 0.6078125 0.1687500000000001 0.625 0.1687500000000001
1 0.6140625 0.1375000000000001 0.58125 0.1375000000000001 0.58125 0.25468750000000007 0.6140625 0.25468750000000007