1 0.7 0.1515625000000001 0.6484375 0.1515625000000001 0.6484375 0.28593750000000007 0.7 0.28593750000000007
1 0.6484375 0.1531250000000001 0.6125 0.1531250000000001 0.6125 0.3031250000000001 0.6484375 0.3031250000000001
1 0.2234375 0.19687500000000005 0.18906250000000005 0.19687500000000005 0.18906250000000005 0.315625 0.2234375 0.315625
1 0.2546875 0.19531250000000006 0.2234375 0.19531250000000006 0.2234375 0.31875 0.2546875 0.31875
1 0.30312500000000003 0.24375 0.253125 0.24375 0.25312500000000004 0.4328125 0.3031250000000001 0.4328125
1 0.35000000000000003 0.2625 0.3015625 0.2625 0.30156250000000007 0.4265625 0.3500000000000001 0.4265625
1 0.22812500000000005 0.28125 0.18281250000000004 0.28125 0.18281250000000004 0.48125 0.22812500000000008 0.48125
1 0.76875 0.3609375000000001 0.7 0.3609375000000001 0.7 0.5953125000000001 0.76875 0.5953125000000001
1 0.70625 0.3781250000000001 0.6515625 0.3781250000000001 0.6515625 0.603125 0.70625 0.603125
1 0.40625 0.4890625 0.3703125000000001 0.4890625 0.3703125000000001 0.5625 0.40625 0.5625
1 0.4296875 0.49375 0.3968750000000001 0.49375 0.3968750000000001 0.5609375 0.4296875 0.5609375
1 0.559375 0.503125 0.4703125 0.503125 0.4703125 0.709375 0.559375 0.709375
1 0.8015625 0.5437500000000002 0.753125 0.5437500000000002 0.753125 0.6671875000000002 0.8015625 0.6671875000000002
1 0.8703125 0.5828125000000002 0.81875 0.5828125000000002 0.81875 0.8609375 0.8703125 0.8609375
1 0.6531250000000001 0.5890625 0.584375 0.5890625 0.5843750000000001 0.8984375 0.6531250000000002 0.8984375
1 0.809375 0.6453125000000002 0.7375 0.6453125000000002 0.7375 0.9546875 0.809375 0.9546875
1 0.2390625000000001 0.6859375 0.18125000000000008 0.6859375 0.1812500000000001 0.95 0.2390625000000001 0.95
1 0.7296875 0.6765625000000001 0.63125 0.6765625 0.6312500000000001 0.9875 0.7296875000000002 0.9875
1 0.21093750000000008 0.70625 0.14062500000000008 0.70625 0.1406250000000001 0.9890625 0.21093750000000008 0.9890625
1 0.2953125 0.06562500000000003 0.2640625 0.06562500000000002 0.2640625 0.17812500000000003 0.2953125 0.17812500000000003
1 0.6734375 0.07968750000000009 0.6484375 0.07968750000000009 0.6484375 0.17968750000000008 0.6734375 0.17968750000000008
1 0.2203125 0.09531250000000002 0.19375 0.09531250000000002 0.19375 0.17968750000000006 0.2203125 0.17968750000000006
1 0.73125 0.11875000000000009 0.6734375 0.11875000000000009 0.6734375 0.2015625000000001 0.73125 0.2015625000000001
1 0.2375 0.13125000000000003 0.2015625 0.13125000000000003 0.2015625 0.2078125 0.2375 0.2078125
1 0.2859375 0.15468750000000003 0.259375 0.15468750000000003 0.259375 0.2296875 0.2859375 0.2296875
1 0.3390625 0.14218750000000005 0.3 0.14218750000000005 0.3 0.2484375 0.3390625 0.2484375