1 0.284375 0.2234375 0.2390625 0.2234375 0.2390625 0.3078125 0.284375 0.3078125
1 0.7296875 0.2000000000000001 0.6890625 0.2000000000000001 0.6890625 0.3500000000000001 0.7296875 0.3500000000000001
1 0.6484375 0.2140625000000001 0.59375 0.2140625000000001 0.59375 0.34843750000000007 0.6484375 0.34843750000000007
1 0.821875 0.2171875000000001 0.775 0.2171875000000001 0.775 0.3671875000000001 0.821875 0.3671875000000001
1 0.28437500000000004 0.2734375 0.2359375 0.2734375 0.23593750000000005 0.3734375 0.2843750000000001 0.3734375
1 0.39375000000000004 0.26406250000000003 0.34375 0.2640625 0.34375000000000006 0.4328125 0.3937500000000001 0.4328125
1 0.32812500000000006 0.2875 0.2765625 0.2875 0.27656250000000004 0.46875 0.3281250000000001 0.46875
1 0.21406250000000004 0.3203125 0.16250000000000003 0.3203125 0.16250000000000003 0.4359375 0.2140625000000001 0.4359375
1 0.30937500000000007 0.3625 0.246875 0.3625 0.24687500000000004 0.5484375 0.30937500000000007 0.5484375
1 0.2750000000000001 0.4078125 0.2140625000000001 0.4078125 0.2140625000000001 0.6125 0.2750000000000001 0.6125
1 0.2140625000000001 0.415625 0.14375000000000004 0.415625 0.14375000000000007 0.6046875 0.2140625000000001 0.6046875
1 0.40625 0.4875 0.3703125000000001 0.4875 0.3703125000000001 0.5609375 0.40625 0.5609375
1 0.4234375 0.5015625 0.39531250000000007 0.5015625 0.39531250000000007 0.5609375 0.4234375 0.5609375
1 0.5375 0.51875 0.471875 0.51875 0.471875 0.6953125 0.5375 0.6953125
1 0.2500000000000001 0.678125 0.1828125000000001 0.678125 0.1828125000000001 0.903125 0.2500000000000001 0.903125
1 0.2375000000000001 0.6953125 0.1468750000000001 0.6953125 0.14687500000000012 1 0.2375000000000001 1
1 0.2109375 0.057812500000000024 0.1796875 0.057812500000000024 0.1796875 0.15625000000000003 0.2109375 0.15625000000000006
1 0.2875 0.09843750000000004 0.271875 0.09843750000000002 0.271875 0.14218750000000005 0.2875 0.14218750000000005
1 0.359375 0.09062500000000004 0.3375 0.09062500000000004 0.3375 0.15937500000000004 0.359375 0.15937500000000004
1 0.684375 0.10156250000000008 0.6546875 0.10156250000000008 0.6546875 0.2000000000000001 0.684375 0.2000000000000001
1 0.328125 0.09531250000000005 0.3 0.09531250000000005 0.3 0.2109375 0.328125 0.2109375
1 0.7578125 0.12031250000000009 0.71875 0.12031250000000009 0.71875 0.2015625000000001 0.7578125 0.2015625000000001
1 0.2765625 0.14687500000000003 0.240625 0.14687500000000003 0.240625 0.2546875 0.2765625 0.2546875