1 0.79375 0.1625000000000001 0.7609375 0.1625000000000001 0.7609375 0.3000000000000001 0.79375 0.3000000000000001
1 0.80625 0.16562500000000008 0.7859375 0.16562500000000008 0.7859375 0.30937500000000007 0.80625 0.30937500000000007
1 0.32031250000000006 0.2078125 0.290625 0.2078125 0.290625 0.36875 0.3203125000000001 0.36875
1 0.36406250000000007 0.21718750000000003 0.3359375 0.2171875 0.33593750000000006 0.37343750000000003 0.36406250000000007 0.3734375000000001
1 0.30625 0.21875 0.2625 0.21875 0.26250000000000007 0.3890625 0.3062500000000001 0.3890625
1 0.21875000000000006 0.234375 0.17500000000000004 0.234375 0.17500000000000004 0.384375 0.21875000000000008 0.384375
1 0.2515625 0.2359375 0.2078125 0.2359375 0.20781250000000004 0.3828125 0.2515625000000001 0.3828125
1 0.409375 0.49375 0.3812500000000001 0.49375 0.3812500000000001 0.5390625 0.409375 0.5390625
1 0.43125 0.5046875 0.3968750000000001 0.5046875 0.3968750000000001 0.5703125 0.43125 0.5703125
1 0.696875 0.4421875 0.646875 0.4421875 0.646875 0.6578125 0.696875 0.6578125
1 0.9 0.44062500000000016 0.8484375 0.44062500000000016 0.8484375 0.6968750000000001 0.9 0.6968750000000001
1 0.84375 0.4421875000000002 0.784375 0.4421875000000002 0.784375 0.7062500000000002 0.84375 0.7062500000000002
1 0.746875 0.4765625000000001 0.68125 0.4765625 0.68125 0.7171875000000001 0.746875 0.7171875000000002
1 0.55 0.5078125 0.4703125 0.5078125 0.4703125 0.7046875 0.55 0.7046875
1 0.6781250000000001 0.4796875 0.5921875 0.4796875 0.5921875000000001 0.7390625 0.6781250000000002 0.7390625
1 0.24375000000000008 0.6890625 0.1828125000000001 0.6890625 0.1828125000000001 0.9546875 0.24375000000000008 0.9546875
1 0.2140625000000001 0.703125 0.14218750000000008 0.703125 0.1421875000000001 1 0.2140625000000001 1
1 0.2671875 0.05312500000000002 0.2375 0.05312500000000002 0.2375 0.12812500000000004 0.2671875 0.12812500000000004
1 0.7890625000000002 0.8828125 0.7203125000000001 0.8828125 0.7203125000000001 1 0.7890625000000002 1
1 0.853125 0.928125 0.7734375000000002 0.928125 0.7734375000000002 1 0.853125 1
1 0.3046875 0.08750000000000004 0.271875 0.08750000000000002 0.271875 0.16875000000000004 0.3046875 0.16875000000000004
1 0.684375 0.09531250000000009 0.653125 0.09531250000000009 0.653125 0.2000000000000001 0.684375 0.2000000000000001
1 0.746875 0.10468750000000009 0.6890625 0.10468750000000009 0.6890625 0.21250000000000008 0.746875 0.21250000000000008
1 0.2859375 0.11406250000000004 0.2421875 0.11406250000000004 0.2421875 0.2125 0.2859375 0.2125
1 0.2203125 0.10781250000000002 0.171875 0.1078125 0.17187500000000003 0.23125 0.2203125 0.23125
1 0.640625 0.11093750000000009 0.596875 0.11093750000000009 0.596875 0.2515625000000001 0.640625 0.2515625000000001
1 0.596875 0.12656250000000008 0.56875 0.12656250000000008 0.56875 0.2484375000000001 0.596875 0.2484375000000001
1 0.25 0.15000000000000005 0.2140625 0.15000000000000005 0.2140625 0.2546875 0.25 0.2546875