1 0.7578125 0.1843750000000001 0.725 0.1843750000000001 0.725 0.27812500000000007 0.7578125 0.27812500000000007
1 0.7796875 0.2515625000000001 0.734375 0.2515625000000001 0.734375 0.4125000000000002 0.7796875 0.4125000000000002
1 0.8859375 0.2562500000000001 0.83125 0.2562500000000001 0.83125 0.4109375000000002 0.8859375 0.4109375000000002
1 0.8421875 0.2640625000000001 0.7921875 0.2640625000000001 0.7921875 0.4187500000000002 0.8421875 0.4187500000000002
1 0.7375 0.28593750000000007 0.6828125 0.28593750000000007 0.6828125 0.4859375000000001 0.7375 0.4859375000000002
1 0.7625 0.2843750000000001 0.7078125 0.2843750000000001 0.7078125 0.4921875000000001 0.7625 0.49218750000000017
1 0.690625 0.2968750000000001 0.6390625 0.2968750000000001 0.6390625 0.4859375 0.690625 0.4859375
1 0.6453125 0.30937500000000007 0.590625 0.30937500000000007 0.590625 0.4953125 0.6453125 0.4953125
1 0.6546875 0.4828125 0.5453125 0.4828125 0.5453125 0.65 0.6546875 0.65
1 0.5359375 0.515625 0.4734375 0.515625 0.4734375 0.696875 0.5359375 0.696875
1 0.471875 0.6515625 0.4296875 0.6515625 0.4296875 0.7171875 0.471875 0.7171875
1 0.4937500000000001 0.69375 0.4296875 0.69375 0.4296875000000001 0.9796875 0.4937500000000002 0.9796875
1 0.3 0.07968750000000004 0.2703125 0.07968750000000002 0.2703125 0.11875000000000005 0.3 0.11875000000000005
1 0.334375 0.08593750000000004 0.30625 0.08593750000000004 0.30625 0.15312500000000004 0.334375 0.15312500000000004
1 0.17343750000000002 0.1078125 0.1484375 0.1078125 0.14843750000000003 0.2203125 0.17343750000000005 0.2203125
1 0.2921875 0.11250000000000004 0.2609375 0.11250000000000004 0.2609375 0.21875 0.2921875 0.21875
1 0.2640625 0.11875000000000005 0.23125 0.11875000000000005 0.23125 0.2234375 0.2640625 0.2234375