1 0.6375 0.1625000000000001 0.6046875 0.1625000000000001 0.6046875 0.2921875000000001 0.6375 0.2921875000000001
1 0.2859375 0.17968750000000006 0.246875 0.17968750000000006 0.246875 0.28125 0.2859375 0.28125
1 0.35625000000000007 0.2578125 0.3171875 0.2578125 0.31718750000000007 0.3984375 0.35625000000000007 0.3984375
1 0.30781250000000004 0.2640625 0.2640625 0.2640625 0.26406250000000003 0.403125 0.3078125000000001 0.403125
1 0.740625 0.3187500000000001 0.690625 0.3187500000000001 0.690625 0.48906250000000007 0.740625 0.4890625000000002
1 0.4296875 0.4453125 0.39531250000000007 0.4453125 0.39531250000000007 0.5 0.4296875 0.5
1 0.5828125 0.4765625 0.553125 0.4765625 0.553125 0.5359375 0.5828125 0.5359375
1 0.409375 0.4953125 0.3859375000000001 0.4953125 0.3859375000000001 0.5375 0.409375 0.5375
1 0.6140625 0.503125 0.5265625 0.503125 0.5265625 0.671875 0.6140625 0.671875
1 0.6734375000000001 0.4640625 0.603125 0.4640625 0.6031250000000001 0.7265625 0.6734375000000001 0.7265625
1 0.534375 0.51875 0.4734375 0.51875 0.4734375 0.6984375 0.534375 0.6984375
1 0.7468750000000001 0.5203125000000001 0.690625 0.5203125 0.690625 0.7328125000000001 0.7468750000000002 0.7328125000000002
1 0.4734375 0.6515625 0.4265625 0.6515625 0.4265625 0.70625 0.4734375 0.70625
1 0.8078125 0.70625 0.7140625 0.70625 0.7140625 0.9125 0.8078125 0.9125
1 0.5062500000000001 0.678125 0.425 0.678125 0.4250000000000001 0.990625 0.5062500000000002 0.990625
1 0.896875 0.6906250000000002 0.809375 0.6906250000000002 0.809375 1 0.896875 1
1 0.9609375 0.7546875000000002 0.8734375 0.7546875000000002 0.8734375 0.9984375 0.9609375 0.9984375
1 0.815625 0.8203125 0.7171875000000002 0.8203125 0.7171875000000002 0.9984375 0.815625 0.9984375
1 0.29375 0.08750000000000004 0.26875 0.08750000000000002 0.26875 0.14531250000000004 0.29375 0.14531250000000004
1 0.209375 0.08906250000000002 0.1828125 0.08906250000000002 0.1828125 0.17968750000000006 0.209375 0.17968750000000006
1 0.265625 0.11250000000000004 0.2375 0.11250000000000004 0.2375 0.19843750000000004 0.265625 0.19843750000000004
1 0.3125 0.15312500000000004 0.2828125 0.15312500000000004 0.2828125 0.209375 0.3125 0.209375
1 0.696875 0.1390625000000001 0.659375 0.1390625000000001 0.659375 0.2687500000000001 0.696875 0.2687500000000001
1 0.66875 0.1453125000000001 0.6328125 0.1453125000000001 0.6328125 0.27031250000000007 0.66875 0.27031250000000007